           1           2    0.036176    0.036176           0
           2           2    0.026212    0.031194    0.004982
           3           2    0.020432   0.0276067  0.00459809
           4           2    0.037392    0.030053  0.00406888
           5           2     0.03818   0.0316784  0.00354618
           6           2       0.019   0.0295653   0.0035845
           7           2    0.018908   0.0280429  0.00339051
           8           2    0.034184   0.0288105  0.00303495
           9           2    0.023732   0.0282462  0.00273541
          10           2    0.020896   0.0275112  0.00255465
          11           2    0.016104   0.0264742  0.00253279
          12           2    0.022668    0.026157  0.00233377
          13           2    0.020496   0.0257215  0.00219048
          14           2    0.030108   0.0260349  0.00205205
          15           2    0.045096   0.0273056  0.00229439
          16           2     0.02204   0.0269765  0.00217129
          17           2    0.032828   0.0273207  0.00206841
          18           2    0.035864   0.0277953  0.00200705
          19           2    0.030608   0.0279434  0.00190424
          20           2    0.029276     0.02801  0.00180775
           1       1.925    0.020436    0.020436           0
           2       1.925      0.0298    0.025118    0.004682
           3       1.925    0.030228   0.0268213  0.00319506
           4       1.925    0.022272    0.025684  0.00252937
           5       1.925    0.037572   0.0280616  0.00308085
           6       1.925    0.032476   0.0287973  0.00262089
           7       1.925    0.034192    0.029568  0.00234529
           8       1.925    0.034136    0.030139  0.00210982
           9       1.925     0.02544   0.0296169  0.00193255
          10       1.925     0.01866   0.0285212  0.00204654
          11       1.925    0.042032   0.0297495  0.00222158
          12       1.925    0.036896    0.030345  0.00211365
          13       1.925    0.026644   0.0300603  0.00196501
          14       1.925     0.03454   0.0303803  0.00184717
          15       1.925     0.03192   0.0304829  0.00172268
          16       1.925    0.024076   0.0300825  0.00166043
          17       1.925     0.02662   0.0298788  0.00157295
          18       1.925    0.030088   0.0298904  0.00148303
          19       1.925    0.033688   0.0300903  0.00141698
          20       1.925    0.017076   0.0294396  0.00149348
           1        1.85    0.023144    0.023144           0
           2        1.85    0.026324    0.024734     0.00159
           3        1.85    0.024684   0.0247173 0.000918138
           4        1.85    0.013336    0.021872  0.00291846
           5        1.85    0.042288   0.0259552  0.00466722
           6        1.85    0.026228   0.0260007  0.00381104
           7        1.85    0.040972   0.0281394  0.00386634
           8        1.85    0.033748   0.0288405  0.00342096
           9        1.85      0.0337   0.0293804  0.00306494
          10        1.85    0.026268   0.0290692  0.00275898
          11        1.85    0.016336   0.0279116  0.00275098
          12        1.85    0.022676   0.0274753  0.00254891
          13        1.85    0.041416   0.0285477  0.00257825
          14        1.85    0.039936   0.0293611   0.0025218
          15        1.85    0.030724    0.029452  0.00234942
          16        1.85    0.029532    0.029457  0.00219769
          17        1.85    0.028532   0.0294026  0.00206509
          18        1.85    0.027616   0.0293033  0.00194951
          19        1.85    0.033348   0.0295162   0.0018563
          20        1.85    0.031216   0.0296012  0.00176309
           1       1.775    0.016916    0.016916           0
           2       1.775     0.03144    0.024178    0.007262
           3       1.775     0.03784    0.028732  0.00619014
           4       1.775    0.045144    0.032835  0.00599946
           5       1.775     0.02754    0.031776   0.0047663
           6       1.775    0.036916   0.0326327  0.00398484
           7       1.775    0.031036   0.0324046  0.00337552
           8       1.775    0.026756   0.0316985  0.00300735
           9       1.775    0.027284    0.031208   0.0026972
          10       1.775    0.036888    0.031776  0.00247842
          11       1.775    0.034288   0.0320044  0.00225341
          12       1.775    0.042396   0.0328703  0.00223192
          13       1.775     0.02206   0.0320388  0.00221508
          14       1.775     0.03612   0.0323303  0.00207138
          15       1.775    0.028676   0.0320867  0.00194368
          16       1.775     0.03714   0.0324025  0.00184537
          17       1.775    0.029536   0.0322339  0.00174161
          18       1.775    0.036076   0.0324473  0.00165582
          19       1.775    0.044548   0.0330842  0.00169078
          20       1.775    0.042956   0.0335778  0.00167824
           1         1.7    0.024796    0.024796           0
           2         1.7    0.050076    0.037436     0.01264
           3         1.7    0.035636    0.036836  0.00732233
           4         1.7    0.026404    0.034228  0.00579741
           5         1.7    0.037612   0.0349048  0.00454137
           6         1.7    0.038532   0.0355093  0.00375697
           7         1.7    0.047616   0.0372389   0.0036157
           8         1.7    0.045932   0.0383255  0.00331447
           9         1.7    0.042848    0.038828  0.00296597
          10         1.7    0.047352   0.0396804  0.00278642
          11         1.7    0.042896   0.0399727  0.00253731
          12         1.7    0.034772   0.0395393  0.00235644
          13         1.7     0.04402    0.039884  0.00219484
          14         1.7     0.04082   0.0399509  0.00203312
          15         1.7      0.0545   0.0409208  0.00212679
          16         1.7    0.046264   0.0412547  0.00201726
          17         1.7    0.043332   0.0413769  0.00189882
          18         1.7    0.033596   0.0409447  0.00184168
          19         1.7    0.041604   0.0409794   0.0017424
          20         1.7    0.033292    0.040595  0.00169709
           1       1.625     0.05442     0.05442           0
           2       1.625    0.034716    0.044568    0.009852
           3       1.625    0.038288   0.0424747  0.00606102
           4       1.625    0.040272    0.041924  0.00432102
           5       1.625     0.04726   0.0429912  0.00351307
           6       1.625    0.044212   0.0431947  0.00287562
           7       1.625    0.041356    0.042932  0.00244449
           8       1.625    0.047864   0.0435485  0.00220493
           9       1.625    0.045196   0.0437316  0.00195317
          10       1.625    0.029424   0.0423008  0.00225808
          11       1.625     0.03326   0.0414789  0.00220167
          12       1.625    0.035804    0.041006  0.00206473
          13       1.625    0.046816   0.0414529  0.00195115
          14       1.625    0.037452   0.0411671  0.00182888
          15       1.625    0.038104   0.0409629   0.0017148
          16       1.625    0.052436     0.04168  0.00175703
          17       1.625    0.039764   0.0415673  0.00165429
          18       1.625    0.031032    0.040982  0.00166588
          19       1.625    0.043104   0.0410937  0.00157972
          20       1.625    0.046668   0.0413724  0.00152435
           1        1.55    0.052852    0.052852           0
           2        1.55    0.040624    0.046738    0.006114
           3        1.55    0.041868   0.0451147   0.0038853
           4        1.55    0.055592    0.047734  0.00379588
           5        1.55     0.05282   0.0487512  0.00311125
           6        1.55    0.037004   0.0467933  0.00320726
           7        1.55    0.050428   0.0473126  0.00275991
           8        1.55    0.034732     0.04574  0.00286109
           9        1.55    0.043484   0.0454893  0.00253566
          10        1.55    0.049076    0.045848  0.00229615
          11        1.55    0.033916   0.0447633  0.00234315
          12        1.55    0.045456    0.044821  0.00213977
          13        1.55     0.04884   0.0451302  0.00199243
          14        1.55    0.037644   0.0445954  0.00192057
          15        1.55    0.054172   0.0452339  0.00189852
          16        1.55      0.0515   0.0456255  0.00181858
          17        1.55     0.03028   0.0447228  0.00193209
          18        1.55    0.045372   0.0447589  0.00182195
          19        1.55    0.033464   0.0441644  0.00182304
          20        1.55    0.020616    0.042987  0.00209223
           1       1.475    0.052772    0.052772           0
           2       1.475    0.040096    0.046434    0.006338
           3       1.475     0.05194   0.0482693  0.00409372
           4       1.475    0.041956    0.046691  0.00329703
           5       1.475    0.045632   0.0464792  0.00256264
           6       1.475     0.03938    0.045296  0.00240375
           7       1.475    0.068224   0.0485714   0.0038543
           8       1.475     0.04984     0.04873  0.00334168
           9       1.475    0.045028   0.0483187  0.00297565
          10       1.475    0.053528   0.0488396  0.00271201
          11       1.475     0.05928   0.0497887  0.00263032
          12       1.475    0.051564   0.0499367  0.00240569
          13       1.475    0.036284   0.0488865  0.00244947
          14       1.475    0.057852   0.0495269  0.00235646
          15       1.475    0.046416   0.0493195  0.00220352
          16       1.475     0.05256    0.049522  0.00207113
          17       1.475      0.0599   0.0501325  0.00203902
          18       1.475    0.058732   0.0506102  0.00198088
          19       1.475     0.07062   0.0516634  0.00214941
          20       1.475    0.059324   0.0520464  0.00207478
           1         1.4    0.044216    0.044216           0
           2         1.4    0.048708    0.046462    0.002246
           3         1.4    0.077776      0.0569   0.0105182
           4         1.4     0.05586     0.05664  0.00744206
           5         1.4    0.038416   0.0529952   0.0068202
           6         1.4    0.052424      0.0529  0.00556948
           7         1.4     0.06918   0.0552257  0.00525028
           8         1.4    0.039492    0.053259    0.004954
           9         1.4    0.051928   0.0531111  0.00437152
          10         1.4      0.0562     0.05342  0.00392219
          11         1.4     0.04448   0.0526073  0.00363965
          12         1.4    0.072176    0.054238  0.00370115
          13         1.4    0.063352   0.0549391  0.00347599
          14         1.4    0.049948   0.0545826  0.00323783
          15         1.4    0.042912   0.0538045  0.00311305
          16         1.4    0.055568   0.0539147  0.00291408
          17         1.4    0.051104   0.0537494  0.00274229
          18         1.4     0.07526   0.0549444  0.00284828
          19         1.4     0.06368   0.0554042  0.00273315
          20         1.4    0.046204   0.0549442  0.00263338
           1       1.325    0.091176    0.091176           0
           2       1.325    0.080876    0.086026     0.00515
           3       1.325    0.056428     0.07616   0.0103043
           4       1.325    0.094412    0.080723  0.00859711
           5       1.325    0.044704   0.0735192  0.00981025
           6       1.325    0.079908    0.074584   0.0080805
           7       1.325    0.066424   0.0734183  0.00692804
           8       1.325     0.07184    0.073221   0.0060031
           9       1.325    0.048732      0.0705  0.00595255
          10       1.325    0.059732   0.0694232  0.00543192
          11       1.325    0.056176   0.0682189  0.00505879
          12       1.325    0.065708   0.0680097  0.00462276
          13       1.325    0.073112   0.0684022   0.0042704
          14       1.325     0.07644   0.0689763  0.00399509
          15       1.325    0.084696   0.0700243  0.00386405
          16       1.325    0.089648   0.0712508  0.00381691
          17       1.325    0.064452   0.0708508   0.0036076
          18       1.325    0.071792   0.0709031  0.00340168
          19       1.325     0.05652   0.0701461  0.00330552
          20       1.325    0.044532   0.0688654  0.00338733
           1        1.25    0.076412    0.076412           0
           2        1.25    0.071656    0.074034    0.002378
           3        1.25    0.079176    0.075748  0.00219608
           4        1.25    0.077372    0.076154  0.00160506
           5        1.25    0.065224    0.073968  0.00251482
           6        1.25    0.114332   0.0806953  0.00703372
           7        1.25     0.04094    0.075016  0.00822149
           8        1.25    0.086072    0.076398   0.0072529
           9        1.25    0.082244   0.0770476  0.00642935
          10        1.25    0.108992    0.080242  0.00657828
          11        1.25    0.066768   0.0790171  0.00607505
          12        1.25    0.063196   0.0776987   0.0057003
          13        1.25     0.07904   0.0778018  0.00524453
          14        1.25      0.0836    0.078216  0.00487312
          15        1.25     0.08516   0.0786789  0.00456019
          16        1.25    0.084792    0.079061  0.00428274
          17        1.25    0.055892   0.0776981  0.00424752
          18        1.25    0.077988   0.0777142  0.00400463
          19        1.25    0.058004   0.0766768  0.00392748
          20        1.25     0.09736    0.077711   0.0038668
           1       1.175    0.066944    0.066944           0
           2       1.175    0.103756     0.08535    0.018406
           3       1.175    0.094404    0.088368    0.011047
           4       1.175    0.082252    0.086839  0.00795962
           5       1.175    0.106008   0.0906728  0.00726026
           6       1.175    0.086324    0.089948  0.00597212
           7       1.175    0.096516   0.0908863  0.00513383
           8       1.175     0.07052   0.0883405   0.0051233
           9       1.175    0.092576   0.0888111  0.00454277
          10       1.175    0.093928   0.0893228  0.00409527
          11       1.175     0.08504   0.0889335  0.00372471
          12       1.175    0.061196    0.086622  0.00411146
          13       1.175      0.0815    0.086228  0.00380246
          14       1.175    0.105288   0.0875894  0.00377447
          15       1.175    0.108344   0.0889731  0.00377645
          16       1.175    0.076916   0.0882195  0.00361202
          17       1.175    0.077096   0.0875652  0.00345542
          18       1.175    0.118464   0.0892818  0.00368239
          19       1.175    0.115264   0.0906493  0.00374201
          20       1.175    0.099896   0.0911116  0.00357996
           1         1.1    0.110948    0.110948           0
           2         1.1    0.109056    0.110002    0.000946
           3         1.1    0.068104    0.096036   0.0139767
           4         1.1    0.122696    0.102701   0.0119204
           5         1.1    0.158968    0.113954   0.0145567
           6         1.1     0.14124    0.118502   0.0127258
           7         1.1    0.105384    0.116628   0.0109173
           8         1.1    0.095912    0.114039  0.00980284
           9         1.1     0.08992    0.111359  0.00905111
          10         1.1    0.119936    0.112216  0.00814087
          11         1.1    0.099132    0.111027  0.00745915
          12         1.1     0.13552    0.113068  0.00710857
          13         1.1    0.113588    0.113108  0.00653906
          14         1.1    0.139564    0.114998  0.00634207
          15         1.1    0.117056    0.115135  0.00590574
          16         1.1     0.14758    0.117163  0.00588473
          17         1.1    0.132348    0.118056  0.00559945
          18         1.1    0.086436    0.116299  0.00556381
          19         1.1    0.099284    0.115404  0.00533849
          20         1.1    0.140576    0.116662  0.00521858
           1       1.025    0.098036    0.098036           0
           2       1.025    0.147544     0.12279    0.024754
           3       1.025    0.176756    0.140779   0.0229749
           4       1.025    0.164628    0.146741   0.0173053
           5       1.025    0.196192    0.156631   0.0166583
           6       1.025    0.148024    0.155197   0.0136769
           7       1.025    0.136576    0.152537   0.0118612
           8       1.025    0.133408    0.150146   0.0105467
           9       1.025     0.13306    0.148247   0.0094931
          10       1.025    0.119372     0.14536  0.00896844
          11       1.025    0.126936    0.143685  0.00828335
          12       1.025    0.164836    0.145447  0.00776434
          13       1.025    0.199152    0.149578  0.00825086
          14       1.025    0.085464    0.144999  0.00890641
          15       1.025    0.151676    0.145444  0.00830336
          16       1.025      0.1509    0.145785  0.00777456
          17       1.025    0.149064    0.145978  0.00730548
          18       1.025    0.105864    0.143749  0.00723923
          19       1.025     0.13102    0.143079  0.00688032
          20       1.025    0.097268    0.140789  0.00691749
           1        0.95    0.182544    0.182544           0
           2        0.95    0.161264    0.171904     0.01064
           3        0.95    0.115752    0.153187   0.0196996
           4        0.95    0.145472    0.151258   0.0140626
           5        0.95      0.1217    0.145346   0.0123936
           6        0.95    0.203708    0.155073   0.0140362
           7        0.95    0.153796    0.154891   0.0118641
           8        0.95      0.1585    0.155342   0.0102845
           9        0.95    0.144276    0.154112  0.00915307
          10        0.95     0.17792    0.156493   0.0085259
          11        0.95    0.137424     0.15476  0.00790441
          12        0.95    0.184284     0.15722  0.00762364
          13        0.95    0.267964    0.165739   0.0110339
          14        0.95    0.199852    0.168175    0.010502
          15        0.95    0.170856    0.168354  0.00977849
          16        0.95    0.228284      0.1721  0.00988413
          17        0.95     0.12782    0.169495  0.00964297
          18        0.95    0.167204    0.169368  0.00909237
          19        0.95     0.18128    0.169995  0.00862334
          20        0.95    0.179996    0.170495  0.00819609
           1       0.875    0.294476    0.294476           0
           2       0.875    0.222724      0.2586    0.035876
           3       0.875    0.202332    0.239844   0.0279431
           4       0.875    0.228264    0.236949   0.0199697
           5       0.875    0.180392    0.225638    0.019163
           6       0.875    0.197804    0.220999   0.0163197
           7       0.875    0.216824    0.220402   0.0138056
           8       0.875    0.230396    0.221652   0.0120211
           9       0.875    0.160172     0.21482   0.0126118
          10       0.875    0.189116     0.21225   0.0115695
          11       0.875    0.188972    0.210134   0.0106768
          12       0.875    0.159632    0.205925   0.0106163
          13       0.875    0.225204    0.207408  0.00987756
          14       0.875    0.181068    0.205527  0.00933638
          15       0.875    0.190356    0.204515  0.00875035
          16       0.875    0.195664    0.203962  0.00820387
          17       0.875    0.273812    0.208071  0.00873314
          18       0.875    0.198088    0.207516  0.00825234
          19       0.875    0.190452    0.206618  0.00785743
          20       0.875    0.194912    0.206033  0.00747716
           1         0.8    0.325176    0.325176           0
           2         0.8    0.287104     0.30614    0.019036
           3         0.8    0.268844    0.293708   0.0165935
           4         0.8    0.278416    0.289885   0.0123405
           5         0.8    0.393612     0.31063   0.0228417
           6         0.8    0.174844    0.287999   0.0293257
           7         0.8    0.258476    0.283782    0.025141
           8         0.8     0.25266    0.279891   0.0221176
           9         0.8     0.36436    0.289277   0.0216463
          10         0.8    0.267944    0.287144   0.0194782
          11         0.8    0.350544    0.292907   0.0185375
          12         0.8    0.269192    0.290931   0.0170374
          13         0.8    0.286808    0.290614   0.0156753
          14         0.8    0.257988    0.288283   0.0146984
          15         0.8    0.359072    0.293003   0.0144744
          16         0.8    0.272392    0.291714   0.0136007
          17         0.8    0.381012    0.296967   0.0138134
          18         0.8      0.3576    0.300336    0.013452
          19         0.8    0.290628    0.299825   0.0127345
          20         0.8    0.289208    0.299294   0.0120927
           1       0.725    0.484348    0.484348           0
           2       0.725    0.395368    0.439858     0.04449
           3       0.725    0.433848    0.437855   0.0257643
           4       0.725    0.349052    0.415654   0.0287188
           5       0.725    0.476864    0.427896   0.0253915
           6       0.725    0.430936    0.428403   0.0207383
           7       0.725     0.37814    0.421222   0.0189408
           8       0.725    0.389948    0.417313   0.0168626
           9       0.725    0.420452    0.417662   0.0148755
          10       0.725     0.44166    0.420062   0.0135198
          11       0.725    0.414184    0.419527   0.0122408
          12       0.725    0.400512    0.417943    0.011286
          13       0.725    0.402476    0.416753   0.0104496
          14       0.725    0.447732    0.418966  0.00992428
          15       0.725    0.455964    0.421432  0.00956259
          16       0.725     0.29256    0.413378   0.0120369
          17       0.725    0.370132    0.410834   0.0115894
          18       0.725    0.437976    0.412342   0.0110301
          19       0.725    0.446568    0.414143   0.0105878
          20       0.725     0.40278    0.413575   0.0100605
           1        0.65    0.577488    0.577488           0
           2        0.65    0.679268    0.628378     0.05089
           3        0.65    0.228108    0.494955     0.13662
           4        0.65     0.51598    0.500211   0.0967479
           5        0.65    0.453368    0.490842   0.0755239
           6        0.65    0.482908     0.48952   0.0616792
           7        0.65    0.554356    0.498782   0.0529449
           8        0.65    0.680832    0.521539   0.0511881
           9        0.65    0.742236     0.54606   0.0513739
          10        0.65    0.628796    0.554334   0.0466891
          11        0.65    0.475032    0.547125   0.0428428
          12        0.65    0.434736    0.537759   0.0402157
          13        0.65    0.655516    0.546817   0.0380859
          14        0.65    0.514372      0.5445   0.0353368
          15        0.65    0.596248     0.54795   0.0330772
          16        0.65    0.602672     0.55137   0.0311293
          17        0.65    0.600964    0.554287   0.0293861
          18        0.65     0.63632    0.558844   0.0280778
          19        0.65     0.59388    0.560688   0.0266229
          20        0.65    0.573636    0.561336    0.025265
           1       0.575    0.772032    0.772032           0
           2       0.575    0.631592    0.701812     0.07022
           3       0.575    0.784836    0.729487   0.0490867
           4       0.575    0.811108    0.749892   0.0402632
           5       0.575    0.666036    0.733121   0.0354112
           6       0.575     0.83048    0.749347   0.0331552
           7       0.575     0.82028    0.759481   0.0297972
           8       0.575    0.916044    0.779051   0.0323868
           9       0.575    0.702156    0.770507    0.029813
          10       0.575    0.817572    0.775214   0.0270777
          11       0.575     0.61716    0.760845   0.0283963
          12       0.575    0.846332    0.767969   0.0268832
          13       0.575    0.834384    0.773078   0.0252512
          14       0.575    0.746068    0.771149   0.0234575
          15       0.575    0.652408    0.763233   0.0232282
          16       0.575    0.698228     0.75917   0.0221046
          17       0.575    0.639896    0.752154    0.021917
          18       0.575    0.543784    0.740578   0.0236852
          19       0.575    0.785836     0.74296   0.0225302
          20       0.575    0.771704    0.744397   0.0214223
           1         0.5    0.951312    0.951312           0
           2         0.5    0.939184    0.945248    0.006064
           3         0.5    0.962936    0.951144  0.00685713
           4         0.5    0.826848     0.92007     0.03145
           5         0.5      0.8892    0.913896   0.0251313
           6         0.5     0.90004    0.911587   0.0206491
           7         0.5     0.92554     0.91358   0.0175652
           8         0.5    0.881244    0.909538   0.0157397
           9         0.5    0.947256    0.913729      0.0145
          10         0.5     0.96544      0.9189   0.0139621
          11         0.5    0.541372    0.884579   0.0365706
          12         0.5    0.920144    0.887543   0.0335155
          13         0.5    0.953268    0.892599   0.0312416
          14         0.5    0.943016      0.8962   0.0291474
          15         0.5    0.916488    0.897553   0.0271685
          16         0.5      0.8529    0.894762   0.0255665
          17         0.5     0.86438    0.892975    0.024082
          18         0.5     0.90296    0.893529   0.0227115
          19         0.5    0.970808    0.897597   0.0218646
          20         0.5    0.629164    0.884175   0.0247061
