           1           2    -0.46024    -0.46024           0
           2           2   -0.461544   -0.460892    0.000652
           3           2   -0.460704   -0.460829 0.000381613
           4           2   -0.460752    -0.46081 0.000270533
           5           2     -0.4606   -0.460768 0.000213721
           6           2    -0.46504    -0.46148 0.000733072
           7           2   -0.462616   -0.461642 0.000640461
           8           2   -0.462168   -0.461708 0.000558535
           9           2   -0.463024   -0.461854 0.000513826
          10           2   -0.464648   -0.462134 0.000537834
          11           2   -0.462624   -0.462178 0.000488528
          12           2   -0.463136   -0.462258  0.00045305
          13           2   -0.461736   -0.462218 0.000418675
          14           2   -0.463296   -0.462295 0.000395194
          15           2   -0.462056   -0.462279  0.00036825
          16           2      -0.463   -0.462324 0.000347402
          17           2    -0.46164   -0.462284 0.000328798
          18           2   -0.462336   -0.462287 0.000310008
          19           2    -0.46268   -0.462307 0.000293968
          20           2   -0.459328   -0.462158 0.000316175
           1       1.925   -0.476424   -0.476424           0
           2       1.925   -0.475232   -0.475828    0.000596
           3       1.925   -0.480832   -0.477496  0.00170312
           4       1.925   -0.479912     -0.4781  0.00134727
           5       1.925   -0.479088   -0.478298  0.00106213
           6       1.925   -0.477848   -0.478223 0.000870458
           7       1.925   -0.475976   -0.477902 0.000802635
           8       1.925   -0.475008    -0.47754 0.000783584
           9       1.925   -0.477304   -0.477514 0.000691554
          10       1.925   -0.478176    -0.47758 0.000622079
          11       1.925   -0.475536   -0.477394  0.00059258
          12       1.925    -0.47784   -0.477431 0.000542223
          13       1.925   -0.476856   -0.477387 0.000500732
          14       1.925   -0.476568   -0.477329 0.000467265
          15       1.925    -0.47936   -0.477464 0.000455594
          16       1.925   -0.475568   -0.477345 0.000442338
          17       1.925   -0.477056   -0.477328 0.000415853
          18       1.925   -0.478128   -0.477373 0.000394578
          19       1.925   -0.476376    -0.47732 0.000376903
          20       1.925   -0.475672   -0.477238 0.000366938
           1        1.85   -0.494448   -0.494448           0
           2        1.85   -0.494624   -0.494536     8.8e-05
           3        1.85    -0.49384   -0.494304 0.000237498
           4        1.85     -0.4926   -0.493878 0.000457907
           5        1.85    -0.49264    -0.49363 0.000432566
           6        1.85    -0.49348   -0.493605 0.000354077
           7        1.85   -0.493104   -0.493534   0.0003077
           8        1.85   -0.494216   -0.493619 0.000279792
           9        1.85   -0.493088    -0.49356 0.000253708
          10        1.85   -0.494176   -0.493622 0.000235136
          11        1.85   -0.493504   -0.493611 0.000212957
          12        1.85      -0.494   -0.493643 0.000197088
          13        1.85   -0.491592   -0.493486 0.000240347
          14        1.85   -0.492376   -0.493406 0.000236211
          15        1.85   -0.494672   -0.493491 0.000235534
          16        1.85   -0.491392    -0.49336 0.000256411
          17        1.85    -0.49512   -0.493463 0.000262175
          18        1.85   -0.493976   -0.493492 0.000248819
          19        1.85   -0.492616   -0.493445 0.000239828
          20        1.85   -0.492472   -0.493397 0.000232669
           1       1.775    -0.51188    -0.51188           0
           2       1.775   -0.510856   -0.511368    0.000512
           3       1.775    -0.50788   -0.510205  0.00119966
           4       1.775   -0.509864    -0.51012 0.000852566
           5       1.775   -0.512384   -0.510573 0.000800718
           6       1.775    -0.50684   -0.509951 0.000902487
           7       1.775    -0.50676   -0.509495 0.000888558
           8       1.775   -0.512824   -0.509911  0.00087483
           9       1.775     -0.5116   -0.510099 0.000794023
          10       1.775   -0.509648   -0.510054 0.000711624
          11       1.775    -0.50984   -0.510034 0.000643981
          12       1.775     -0.5114   -0.510148 0.000598789
          13       1.775   -0.508856   -0.510049   0.0005597
          14       1.775   -0.509144   -0.509984 0.000522195
          15       1.775   -0.510992   -0.510051 0.000490759
          16       1.775   -0.508528   -0.509956 0.000468831
          17       1.775   -0.510968   -0.510016 0.000444395
          18       1.775   -0.511496   -0.510098 0.000426976
          19       1.775     -0.5128    -0.51024 0.000428189
          20       1.775   -0.511056   -0.510281 0.000408259
           1         1.7   -0.528544   -0.528544           0
           2         1.7   -0.527856     -0.5282    0.000344
           3         1.7   -0.528912   -0.528437 0.000309471
           4         1.7   -0.526696   -0.528002 0.000487238
           5         1.7   -0.527272   -0.527856 0.000404669
           6         1.7    -0.52944    -0.52812 0.000422927
           7         1.7   -0.529632   -0.528336 0.000417634
           8         1.7   -0.526496   -0.528106 0.000428618
           9         1.7   -0.530832   -0.528409 0.000484386
          10         1.7   -0.528024    -0.52837 0.000434955
          11         1.7   -0.528568   -0.528388 0.000393841
          12         1.7   -0.526992   -0.528272 0.000377888
          13         1.7    -0.52704   -0.528177 0.000360294
          14         1.7   -0.530824   -0.528366 0.000383417
          15         1.7   -0.533576   -0.528714 0.000498031
          16         1.7    -0.52596   -0.528542 0.000496638
          17         1.7   -0.528952   -0.528566 0.000467134
          18         1.7    -0.53028   -0.528661 0.000450599
          19         1.7   -0.528256    -0.52864 0.000426756
          20         1.7   -0.529416   -0.528678 0.000406714
           1       1.625   -0.550216   -0.550216           0
           2       1.625   -0.549752   -0.549984    0.000232
           3       1.625   -0.547504   -0.549157 0.000837448
           4       1.625   -0.546952   -0.548606 0.000809091
           5       1.625   -0.548864   -0.548658  0.00062884
           6       1.625   -0.547144   -0.548405 0.000572071
           7       1.625   -0.548776   -0.548458 0.000486379
           8       1.625   -0.546216   -0.548178 0.000505948
           9       1.625   -0.546312   -0.547971 0.000492022
          10       1.625   -0.548664    -0.54804 0.000445506
          11       1.625   -0.544608   -0.547728  0.00050964
          12       1.625   -0.544704   -0.547476 0.000529101
          13       1.625   -0.552056   -0.547828 0.000600833
          14       1.625   -0.549528    -0.54795 0.000569358
          15       1.625   -0.548128   -0.547962 0.000530176
          16       1.625   -0.547456    -0.54793  0.00049694
          17       1.625   -0.548392   -0.547957 0.000467585
          18       1.625   -0.548112   -0.547966 0.000440927
          19       1.625   -0.544576   -0.547787 0.000453631
          20       1.625   -0.549296   -0.547863 0.000436913
           1        1.55   -0.567192   -0.567192           0
           2        1.55   -0.571688    -0.56944    0.002248
           3        1.55   -0.569696   -0.569525  0.00130069
           4        1.55   -0.569072   -0.569412  0.00092668
           5        1.55   -0.568408   -0.569211  0.00074536
           6        1.55   -0.568024   -0.569013 0.000639942
           7        1.55   -0.567512   -0.568799 0.000581824
           8        1.55   -0.570976   -0.569071  0.00057267
           9        1.55   -0.569824   -0.569155 0.000511931
          10        1.55   -0.567112    -0.56895 0.000501381
          11        1.55   -0.566032   -0.568685  0.00052542
          12        1.55   -0.566424   -0.568497 0.000515324
          13        1.55    -0.57252   -0.568806 0.000566115
          14        1.55     -0.5682   -0.568763 0.000525906
          15        1.55   -0.565432   -0.568541 0.000537596
          16        1.55   -0.566656   -0.568423 0.000516488
          17        1.55   -0.567344    -0.56836  0.00048929
          18        1.55   -0.569376   -0.568416 0.000464751
          19        1.55    -0.56664   -0.568323 0.000449438
          20        1.55   -0.573312   -0.568572 0.000493996
           1       1.475    -0.58912    -0.58912           0
           2       1.475   -0.588832   -0.588976    0.000144
           3       1.475   -0.590656   -0.589536 0.000566138
           4       1.475    -0.58752   -0.589032  0.00064364
           5       1.475   -0.591464   -0.589518 0.000696526
           6       1.475    -0.59164   -0.589872 0.000669675
           7       1.475   -0.584824   -0.589151 0.000916722
           8       1.475   -0.589944    -0.58925 0.000800071
           9       1.475   -0.591648   -0.589516 0.000754227
          10       1.475   -0.587232   -0.589288 0.000712232
          11       1.475   -0.591848   -0.589521 0.000684985
          12       1.475     -0.5872   -0.589327 0.000654526
          13       1.475   -0.594336   -0.589713   0.0007148
          14       1.475   -0.590472   -0.589767 0.000663995
          15       1.475    -0.58964   -0.589758 0.000618204
          16       1.475   -0.591184   -0.589847 0.000585101
          17       1.475   -0.586768   -0.589666 0.000578689
          18       1.475     -0.5932   -0.589863 0.000579837
          19       1.475    -0.59008   -0.589874  0.00054859
          20       1.475   -0.588144   -0.589788 0.000527579
           1         1.4    -0.61504    -0.61504           0
           2         1.4   -0.615992   -0.615516    0.000476
           3         1.4   -0.611744   -0.614259  0.00128702
           4         1.4   -0.612528   -0.613826  0.00100767
           5         1.4   -0.610904   -0.613242 0.000975073
           6         1.4   -0.613992   -0.613367 0.000805907
           7         1.4   -0.611632   -0.613119 0.000724796
           8         1.4   -0.609488   -0.612665 0.000774586
           9         1.4    -0.61356   -0.612764 0.000690321
          10         1.4   -0.612472   -0.612735 0.000618134
          11         1.4     -0.6106   -0.612541 0.000591859
          12         1.4   -0.615264   -0.612768 0.000586005
          13         1.4    -0.61452   -0.612903 0.000555638
          14         1.4   -0.612088   -0.612845 0.000517702
          15         1.4   -0.613128   -0.612863 0.000482325
          16         1.4   -0.612808    -0.61286 0.000451187
          17         1.4   -0.615296   -0.613003 0.000447385
          18         1.4   -0.611736   -0.612933 0.000427634
          19         1.4   -0.613208   -0.612947 0.000404761
          20         1.4   -0.612712   -0.612936  0.00038417
           1       1.325   -0.637416   -0.637416           0
           2       1.325   -0.638584      -0.638    0.000584
           3       1.325   -0.635512   -0.637171 0.000895254
           4       1.325   -0.637624   -0.637284 0.000643105
           5       1.325   -0.637616    -0.63735 0.000502553
           6       1.325   -0.637016   -0.637295   0.0004141
           7       1.325   -0.637416   -0.637312 0.000350408
           8       1.325   -0.643504   -0.638086 0.000831363
           9       1.325    -0.63868   -0.638152 0.000736158
          10       1.325   -0.639424   -0.638279 0.000670614
          11       1.325   -0.637344   -0.638194 0.000612522
          12       1.325   -0.638704   -0.638237 0.000560765
          13       1.325   -0.635176   -0.638001 0.000567018
          14       1.325   -0.641288   -0.638236 0.000575062
          15       1.325   -0.638184   -0.638233 0.000535365
          16       1.325   -0.636448   -0.638121 0.000513058
          17       1.325   -0.639384   -0.638195 0.000487627
          18       1.325      -0.635   -0.638018  0.00049282
          19       1.325   -0.641896   -0.638222 0.000508891
          20       1.325   -0.637976    -0.63821 0.000482933
           1        1.25   -0.659712   -0.659712           0
           2        1.25   -0.663256   -0.661484    0.001772
           3        1.25   -0.663728   -0.662232  0.00126735
           4        1.25   -0.662128   -0.662206 0.000896526
           5        1.25   -0.664664   -0.662698 0.000850838
           6        1.25   -0.664112   -0.662933 0.000733613
           7        1.25   -0.663944   -0.663078 0.000636605
           8        1.25   -0.661744   -0.662911 0.000575971
           9        1.25   -0.664096   -0.663043 0.000524746
          10        1.25   -0.663304   -0.663069 0.000470074
          11        1.25   -0.662768   -0.663041 0.000426076
          12        1.25   -0.664336   -0.663149 0.000403636
          13        1.25      -0.661   -0.662984 0.000406438
          14        1.25   -0.662688   -0.662963 0.000376882
          15        1.25   -0.661208   -0.662846 0.000369849
          16        1.25   -0.664264   -0.662934 0.000357135
          17        1.25   -0.667296   -0.663191  0.00042233
          18        1.25   -0.665192   -0.663302 0.000413403
          19        1.25    -0.65936   -0.663095 0.000442677
          20        1.25   -0.659016   -0.662891 0.000466858
           1       1.175   -0.693648   -0.693648           0
           2       1.175   -0.691848   -0.692748      0.0009
           3       1.175   -0.687392   -0.690963  0.00185941
           4       1.175   -0.691984   -0.691218  0.00133937
           5       1.175   -0.690504   -0.691075  0.00104725
           6       1.175   -0.693896   -0.691545 0.000975798
           7       1.175   -0.691352   -0.691518 0.000825162
           8       1.175   -0.690488   -0.691389  0.00072611
           9       1.175    -0.69084   -0.691328 0.000643268
          10       1.175    -0.69004   -0.691199 0.000589597
          11       1.175   -0.690432   -0.691129 0.000537852
          12       1.175    -0.69372   -0.691345 0.000536353
          13       1.175    -0.69244    -0.69143 0.000500507
          14       1.175    -0.68908   -0.691262 0.000492834
          15       1.175    -0.68928    -0.69113 0.000477446
          16       1.175   -0.691512   -0.691153 0.000447249
          17       1.175   -0.692072   -0.691208 0.000423577
          18       1.175     -0.6888   -0.691074 0.000421155
          19       1.175    -0.69236   -0.691141 0.000404084
          20       1.175   -0.690088   -0.691089  0.00038695
           1         1.1   -0.716728   -0.716728           0
           2         1.1    -0.72412   -0.720424    0.003696
           3         1.1   -0.719152       -0.72   0.0021756
           4         1.1   -0.724776   -0.721194  0.00194737
           5         1.1   -0.721256   -0.721206  0.00150848
           6         1.1   -0.713224   -0.719876    0.001813
           7         1.1    -0.71988   -0.719877  0.00153227
           8         1.1    -0.72232   -0.720182  0.00136168
           9         1.1   -0.719896    -0.72015  0.00120131
          10         1.1   -0.717272   -0.719862  0.00111236
          11         1.1   -0.724032   -0.720241   0.0010752
          12         1.1    -0.71956   -0.720185 0.000983163
          13         1.1   -0.719432   -0.720127  0.00090623
          14         1.1   -0.721896   -0.720253  0.00084847
          15         1.1   -0.718344   -0.720126 0.000800071
          16         1.1   -0.715856   -0.719859 0.000794554
          17         1.1   -0.718976   -0.719807 0.000748159
          18         1.1   -0.711992   -0.719373 0.000828283
          19         1.1   -0.724384   -0.719637 0.000826678
          20         1.1   -0.718104    -0.71956  0.00078799
           1       1.025   -0.747944   -0.747944           0
           2       1.025   -0.751952   -0.749948    0.002004
           3       1.025   -0.751976   -0.750624  0.00134002
           4       1.025   -0.749416   -0.750322 0.000994499
           5       1.025   -0.747088   -0.749675  0.00100587
           6       1.025   -0.753072   -0.750241 0.000997506
           7       1.025   -0.752136   -0.750512 0.000885431
           8       1.025      -0.754   -0.750948 0.000882092
           9       1.025   -0.753728   -0.751257 0.000837013
          10       1.025   -0.750256   -0.751157 0.000755308
          11       1.025   -0.753296   -0.751351 0.000710341
          12       1.025    -0.75044   -0.751275 0.000652881
          13       1.025   -0.754752   -0.751543 0.000657418
          14       1.025   -0.753696   -0.751697 0.000627783
          15       1.025   -0.746472   -0.751348 0.000680352
          16       1.025    -0.75508   -0.751581 0.000677803
          17       1.025    -0.75004   -0.751491  0.00064311
          18       1.025   -0.750704   -0.751447 0.000607903
          19       1.025    -0.75272   -0.751514 0.000578908
          20       1.025   -0.747896   -0.751333 0.000578229
           1        0.95   -0.786456   -0.786456           0
           2        0.95   -0.780752   -0.783604    0.002852
           3        0.95   -0.784136   -0.783781  0.00165612
           4        0.95   -0.782352   -0.783424  0.00122436
           5        0.95   -0.782304     -0.7832 0.000974481
           6        0.95   -0.785608   -0.783601 0.000891147
           7        0.95   -0.784536   -0.783735 0.000764901
           8        0.95   -0.782528   -0.783584 0.000679385
           9        0.95   -0.783704   -0.783597 0.000599309
          10        0.95     -0.7846   -0.783698 0.000545335
          11        0.95    -0.77904   -0.783274 0.000650079
          12        0.95   -0.782824   -0.783237 0.000594623
          13        0.95   -0.781728   -0.783121 0.000559149
          14        0.95   -0.784632   -0.783229 0.000528808
          15        0.95   -0.783568   -0.783251 0.000492814
          16        0.95   -0.783272   -0.783253 0.000460987
          17        0.95   -0.785192   -0.783367 0.000447799
          18        0.95    -0.78316   -0.783355 0.000422345
          19        0.95   -0.780704   -0.783216 0.000423164
          20        0.95    -0.78136   -0.783123 0.000412031
           1       0.875   -0.817592   -0.817592           0
           2       0.875   -0.823736   -0.820664    0.003072
           3       0.875   -0.812776   -0.818035  0.00317161
           4       0.875   -0.813432   -0.816884  0.00252063
           5       0.875   -0.812272   -0.815962  0.00215939
           6       0.875   -0.814472   -0.815713  0.00178053
           7       0.875   -0.815352   -0.815662  0.00150571
           8       0.875   -0.810384   -0.815002  0.00146137
           9       0.875   -0.814128   -0.814905  0.00129246
          10       0.875    -0.82292   -0.815706  0.00140669
          11       0.875   -0.819368   -0.816039  0.00131522
          12       0.875   -0.817248    -0.81614  0.00120484
          13       0.875   -0.817032   -0.816209  0.00111042
          14       0.875   -0.813808   -0.816037  0.00104225
          15       0.875   -0.813232    -0.81585 0.000988138
          16       0.875   -0.813216   -0.815685 0.000938866
          17       0.875   -0.818048   -0.815824 0.000892793
          18       0.875   -0.818504   -0.815973 0.000854796
          19       0.875     -0.8172   -0.816038 0.000811129
          20       0.875   -0.813704   -0.815921 0.000778303
           1         0.8   -0.851256   -0.851256           0
           2         0.8   -0.847904    -0.84958    0.001676
           3         0.8   -0.845944   -0.848368  0.00155089
           4         0.8   -0.850672   -0.848944  0.00123871
           5         0.8   -0.844408   -0.848037  0.00132048
           6         0.8   -0.853568   -0.848959  0.00141855
           7         0.8   -0.845104   -0.848408  0.00131931
           8         0.8    -0.85492   -0.849222  0.00140286
           9         0.8   -0.845528   -0.848812  0.00130352
          10         0.8   -0.848904   -0.848821  0.00116594
          11         0.8   -0.849184   -0.848854  0.00105515
          12         0.8   -0.847912   -0.848775 0.000966404
          13         0.8   -0.850192   -0.848884 0.000895617
          14         0.8   -0.844104   -0.848543 0.000896732
          15         0.8   -0.841208   -0.848054 0.000967483
          16         0.8   -0.844776   -0.847849 0.000927896
          17         0.8   -0.841888   -0.847498 0.000939495
          18         0.8   -0.848952   -0.847579 0.000889438
          19         0.8      -0.853   -0.847864 0.000888385
          20         0.8   -0.849496   -0.847946 0.000846735
           1       0.725   -0.894768   -0.894768           0
           2       0.725   -0.883952    -0.88936    0.005408
           3       0.725   -0.881072   -0.886597  0.00416907
           4       0.725   -0.882456   -0.885562   0.0031245
           5       0.725   -0.874704    -0.88339  0.00325167
           6       0.725   -0.876208   -0.882193  0.00291236
           7       0.725   -0.881536   -0.882099  0.00246319
           8       0.725   -0.877912   -0.881576  0.00219646
           9       0.725   -0.883912   -0.881836  0.00195441
          10       0.725   -0.884208   -0.882073   0.0017641
          11       0.725   -0.884584   -0.882301  0.00161194
          12       0.725   -0.872944   -0.881521  0.00166533
          13       0.725    -0.88456   -0.881755  0.00154961
          14       0.725   -0.882576   -0.881814  0.00143586
          15       0.725   -0.879304   -0.881646  0.00134714
          16       0.725    -0.87952   -0.881513  0.00126712
          17       0.725   -0.874256   -0.881087   0.0012645
          18       0.725   -0.878616   -0.880949  0.00120006
          19       0.725   -0.881456   -0.880976  0.00113545
          20       0.725   -0.878376   -0.880846    0.001085
           1        0.65   -0.923368   -0.923368           0
           2        0.65    -0.92276   -0.923064    0.000304
           3        0.65    -0.91996   -0.922029  0.00104945
           4        0.65    -0.91604   -0.920532  0.00167113
           5        0.65   -0.911048   -0.918635   0.0022964
           6        0.65    -0.91996   -0.918856  0.00188796
           7        0.65     -0.9216   -0.919248  0.00164306
           8        0.65   -0.919464   -0.919275  0.00142319
           9        0.65   -0.913928   -0.918681  0.00138865
          10        0.65    -0.92684   -0.919497  0.00148606
          11        0.65   -0.912456   -0.918857  0.00148881
          12        0.65    -0.91524   -0.918555  0.00139211
          13        0.65   -0.902912   -0.917352  0.00175722
          14        0.65    -0.90428   -0.916418  0.00187577
          15        0.65   -0.916472   -0.916422  0.00174625
          16        0.65   -0.918032   -0.916523  0.00163657
          17        0.65    -0.90564   -0.915882  0.00166525
          18        0.65   -0.912608     -0.9157  0.00158051
          19        0.65   -0.914624   -0.915644  0.00149609
          20        0.65    -0.90744   -0.915234   0.0014774
           1       0.575   -0.945808   -0.945808           0
           2       0.575   -0.952888   -0.949348     0.00354
           3       0.575   -0.933672   -0.944123  0.00561082
           4       0.575   -0.953024   -0.946348  0.00454893
           5       0.575   -0.956896   -0.948458  0.00410683
           6       0.575   -0.943408   -0.947616  0.00345722
           7       0.575    -0.93344   -0.945591  0.00355508
           8       0.575   -0.945032   -0.945521  0.00307958
           9       0.575   -0.942768   -0.945215  0.00273311
          10       0.575   -0.949504   -0.945644   0.0024819
          11       0.575   -0.943568   -0.945455  0.00225288
          12       0.575   -0.942632    -0.94522  0.00207001
          13       0.575   -0.952008   -0.945742  0.00197442
          14       0.575     -0.9396   -0.945303  0.00187987
          15       0.575   -0.951048   -0.945686  0.00179148
          16       0.575    -0.94304   -0.945521  0.00168392
          17       0.575   -0.943296    -0.94539  0.00158717
          18       0.575   -0.947472   -0.945506  0.00150086
          19       0.575   -0.938616   -0.945143  0.00146525
          20       0.575   -0.941888    -0.94498  0.00139956
           1         0.5   -0.973264   -0.973264           0
           2         0.5   -0.967496    -0.97038    0.002884
           3         0.5     -0.9788   -0.973187  0.00326341
           4         0.5   -0.973984   -0.973386  0.00231617
           5         0.5   -0.970512   -0.972811  0.00188393
           6         0.5   -0.974024   -0.973013  0.00155145
           7         0.5    -0.98356    -0.97452  0.00199733
           8         0.5   -0.963704   -0.973168  0.00219543
           9         0.5   -0.963448   -0.972088  0.00221703
          10         0.5   -0.974008    -0.97228  0.00199224
          11         0.5   -0.976952   -0.972705  0.00185143
          12         0.5   -0.980504   -0.973355  0.00181077
          13         0.5   -0.974776   -0.973464  0.00166926
          14         0.5   -0.970616   -0.973261  0.00155876
          15         0.5   -0.976624   -0.973485  0.00146835
          16         0.5   -0.958248   -0.972532  0.00167135
          17         0.5   -0.960136   -0.971803  0.00173105
          18         0.5    -0.98536   -0.972556  0.00179745
          19         0.5    -0.97184   -0.972519  0.00170063
          20         0.5     -0.9646   -0.972123  0.00166123
