           1           2    0.196719    0.196719           0
           2           2    0.195966    0.196343  0.00037654
           3           2    0.203826    0.198837  0.00250381
           4           2    0.198745    0.198814  0.00177061
           5           2    0.198784    0.198808  0.00137152
           6           2    0.195922    0.198327  0.00121874
           7           2    0.199822    0.198541  0.00105194
           8           2    0.195113    0.198112  0.00100672
           9           2    0.196926     0.19798  0.00089758
          10           2    0.196526    0.197835 0.000815889
          11           2     0.19341    0.197433 0.000840516
          12           2    0.203101    0.197905 0.000901029
          13           2     0.19743    0.197869  0.00082963
          14           2    0.191728     0.19743 0.000884491
          15           2    0.195015    0.197269 0.000839006
          16           2    0.200548    0.197474 0.000811127
          17           2    0.202234    0.197754 0.000811752
          18           2    0.198596    0.197801 0.000766755
          19           2     0.19577    0.197694 0.000733108
          20           2    0.195586    0.197588 0.000703425
           1       1.925    0.207166    0.207166           0
           2       1.925    0.207257    0.207211 4.51607e-05
           3       1.925    0.210214    0.208212  0.00100111
           4       1.925    0.203004     0.20691  0.00148211
           5       1.925    0.208986    0.207325  0.00122078
           6       1.925    0.211957    0.208097  0.00126072
           7       1.925    0.207777    0.208051  0.00106649
           8       1.925    0.207693    0.208007 0.000924688
           9       1.925    0.209348    0.208156 0.000829003
          10       1.925    0.215031    0.208843  0.00101121
          11       1.925     0.21087    0.209027 0.000933044
          12       1.925    0.206706    0.208834 0.000873442
          13       1.925    0.210159    0.208936 0.000809888
          14       1.925    0.208907    0.208934 0.000749813
          15       1.925    0.211668    0.209116  0.00072145
          16       1.925    0.212549    0.209331 0.000708135
          17       1.925    0.204493    0.209046  0.00072349
          18       1.925    0.208725    0.209028 0.000682346
          19       1.925    0.204709    0.208801 0.000684296
          20       1.925    0.208606    0.208791 0.000649254
           1        1.85    0.216822    0.216822           0
           2        1.85    0.219945    0.218384  0.00156146
           3        1.85    0.222123     0.21963  0.00153813
           4        1.85    0.225294    0.221046  0.00178554
           5        1.85     0.21851    0.220539  0.00147313
           6        1.85    0.219686    0.220397  0.00121119
           7        1.85    0.218055    0.220062  0.00107691
           8        1.85    0.219164     0.21995 0.000939371
           9        1.85    0.223634    0.220359 0.000924055
          10        1.85    0.224005    0.220724 0.000903322
          11        1.85    0.221041    0.220753 0.000817596
          12        1.85     0.21684    0.220427 0.000814462
          13        1.85    0.222004    0.220548  0.00075896
          14        1.85     0.21986    0.220499 0.000704378
          15        1.85    0.217475    0.220297 0.000686025
          16        1.85    0.227083    0.220721 0.000769196
          17        1.85    0.215317    0.220403 0.000789386
          18        1.85    0.220403    0.220403 0.000744241
          19        1.85    0.220389    0.220403 0.000703982
          20        1.85    0.220816    0.220423 0.000668175
           1       1.775    0.236225    0.236225           0
           2       1.775    0.235497    0.235861 0.000363724
           3       1.775    0.235427    0.235716 0.000254924
           4       1.775    0.230847    0.234499  0.00123072
           5       1.775     0.23829    0.235257  0.00121812
           6       1.775     0.23631    0.235433  0.00100996
           7       1.775    0.232051     0.23495 0.000980768
           8       1.775    0.230563    0.234401    0.001011
           9       1.775    0.236425    0.234626 0.000919544
          10       1.775    0.231741    0.234338 0.000871596
          11       1.775    0.226908    0.233662  0.00103814
          12       1.775    0.233172    0.233621 0.000948569
          13       1.775    0.230872     0.23341 0.000897826
          14       1.775    0.233227    0.233397 0.000831328
          15       1.775    0.235323    0.233525 0.000784505
          16       1.775    0.223451    0.232896 0.000966921
          17       1.775    0.240567    0.233347  0.00101419
          18       1.775    0.233036     0.23333 0.000956346
          19       1.775    0.233676    0.233348 0.000904796
          20       1.775    0.234955    0.233428 0.000862119
           1         1.7    0.244041    0.244041           0
           2         1.7    0.252585    0.248313    0.004272
           3         1.7    0.252655     0.24976  0.00285976
           4         1.7    0.257915    0.251799  0.00287147
           5         1.7     0.24234    0.249907  0.00291988
           6         1.7    0.250051    0.249931  0.00238419
           7         1.7    0.250674    0.250037  0.00201781
           8         1.7    0.243621    0.249235  0.00192272
           9         1.7    0.253793    0.249742  0.00176967
          10         1.7    0.243426     0.24911   0.0017042
          11         1.7    0.245263     0.24876  0.00158069
          12         1.7     0.24685    0.248601  0.00145173
          13         1.7    0.253039    0.248943  0.00137833
          14         1.7    0.251083    0.249095  0.00128521
          15         1.7    0.248947    0.249086  0.00119651
          16         1.7    0.246826    0.248944   0.0011281
          17         1.7    0.252897    0.249177  0.00108488
          18         1.7    0.249377    0.249188   0.0010229
          19         1.7    0.247956    0.249123 0.000969734
          20         1.7    0.248697    0.249102 0.000920217
           1       1.625    0.262997    0.262997           0
           2       1.625    0.255938    0.259468  0.00352961
           3       1.625    0.262338    0.260425  0.00225124
           4       1.625    0.267258    0.262133  0.00233501
           5       1.625    0.267115    0.263129  0.00206503
           6       1.625    0.275592    0.265207  0.00267536
           7       1.625    0.266399    0.265377   0.0022675
           8       1.625    0.265187    0.265353  0.00196386
           9       1.625     0.26531    0.265348  0.00173197
          10       1.625    0.264122    0.265226  0.00155397
          11       1.625    0.269631    0.265626  0.00146155
          12       1.625    0.268523    0.265868  0.00135588
          13       1.625    0.247958     0.26449  0.00185836
          14       1.625    0.263582    0.264425  0.00172173
          15       1.625    0.267643     0.26464  0.00161713
          16       1.625    0.263721    0.264582  0.00151378
          17       1.625    0.262622    0.264467  0.00142661
          18       1.625    0.265454    0.264522  0.00134614
          19       1.625    0.262535    0.264417  0.00127761
          20       1.625    0.268094    0.264601  0.00122591
           1        1.55    0.283534    0.283534           0
           2        1.55    0.286216    0.284875  0.00134106
           3        1.55    0.282893    0.284214  0.00101769
           4        1.55    0.279594    0.283059  0.00136087
           5        1.55    0.285696    0.283587   0.0011787
           6        1.55    0.278715    0.282775  0.00125916
           7        1.55    0.275551    0.281743   0.0014824
           8        1.55    0.278773    0.281372  0.00133639
           9        1.55    0.278313    0.281032  0.00122661
          10        1.55    0.285902    0.281519  0.00120035
          11        1.55    0.279218    0.281309  0.00110572
          12        1.55    0.279942    0.281196  0.00101579
          13        1.55    0.287821    0.281705  0.00106435
          14        1.55    0.279428    0.281543 0.000998733
          15        1.55    0.281838    0.281562 0.000929979
          16        1.55    0.277295    0.281296 0.000909885
          17        1.55    0.280078    0.281224 0.000857684
          18        1.55    0.281369    0.281232 0.000808672
          19        1.55    0.291178    0.281755 0.000926902
          20        1.55    0.274396    0.281387 0.000953232
           1       1.475    0.302979    0.302979           0
           2       1.475    0.298333    0.300656  0.00232335
           3       1.475    0.301899     0.30107  0.00140391
           4       1.475    0.313946    0.304289  0.00336852
           5       1.475     0.30404    0.304239  0.00260972
           6       1.475    0.294165     0.30256  0.00271282
           7       1.475    0.301363    0.302389  0.00229913
           8       1.475    0.295418    0.301518  0.00217341
           9       1.475    0.300214    0.301373  0.00192224
          10       1.475    0.289628    0.300198   0.0020822
          11       1.475    0.288332     0.29912  0.00217051
          12       1.475    0.302405    0.299393  0.00200022
          13       1.475    0.313082    0.300446  0.00211991
          14       1.475    0.300069    0.300419  0.00196284
          15       1.475    0.293599    0.299965  0.00188303
          16       1.475     0.30006    0.299971  0.00176142
          17       1.475    0.303706     0.30019  0.00166909
          18       1.475    0.296636    0.299993  0.00158598
          19       1.475    0.309969    0.300518  0.00158941
          20       1.475      0.3085    0.300917  0.00155977
           1         1.4    0.325266    0.325266           0
           2         1.4    0.319076    0.322171  0.00309518
           3         1.4    0.314882    0.319741   0.0030162
           4         1.4    0.320535     0.31994  0.00214199
           5         1.4    0.331873    0.322326  0.00290673
           6         1.4    0.319593    0.321871  0.00241664
           7         1.4    0.319912    0.321591  0.00206153
           8         1.4     0.31114    0.320285  0.00221223
           9         1.4    0.310656    0.319215  0.00222506
          10         1.4    0.324538    0.319747  0.00206012
          11         1.4    0.313362    0.319167  0.00195176
          12         1.4    0.317877    0.319059  0.00178494
          13         1.4    0.308597    0.318254  0.00182853
          14         1.4    0.311979    0.317806  0.00175123
          15         1.4    0.313367     0.31751  0.00165696
          16         1.4    0.322427    0.317818  0.00158012
          17         1.4     0.32275    0.318108  0.00151235
          18         1.4    0.323817    0.318425  0.00146071
          19         1.4     0.31266    0.318121  0.00141462
          20         1.4    0.315829    0.318007  0.00134691
           1       1.325    0.339308    0.339308           0
           2       1.325    0.342431    0.340869  0.00156115
           3       1.325    0.333785    0.338508  0.00252772
           4       1.325    0.337479    0.338251   0.0018058
           5       1.325    0.340941    0.338789  0.00149867
           6       1.325    0.333412    0.337893  0.00151666
           7       1.325    0.332163    0.337074  0.00152083
           8       1.325    0.333024    0.336568    0.001411
           9       1.325    0.340688    0.337026  0.00132593
          10       1.325    0.337375    0.337061  0.00118647
          11       1.325    0.326575    0.336107  0.00143541
          12       1.325    0.336206    0.336116  0.00131037
          13       1.325    0.328774    0.335551  0.00133109
          14       1.325    0.328296    0.335033  0.00133687
          15       1.325    0.333244    0.334913  0.00125026
          16       1.325    0.345993    0.335606  0.00135913
          17       1.325    0.330702    0.335317  0.00130886
          18       1.325    0.338531    0.335496  0.00124685
          19       1.325     0.34224    0.335851  0.00123165
          20       1.325    0.342553    0.336186  0.00121556
           1        1.25     0.35637     0.35637           0
           2        1.25    0.346541    0.351455  0.00491454
           3        1.25    0.367294    0.356735  0.00599377
           4        1.25    0.356412    0.356654    0.004239
           5        1.25    0.351918    0.355707   0.0034174
           6        1.25    0.365355    0.357315  0.00322044
           7        1.25    0.359387    0.357611  0.00273782
           8        1.25    0.355395    0.357334  0.00238715
           9        1.25    0.356819    0.357277  0.00210605
          10        1.25    0.362239    0.357773  0.00194797
          11        1.25    0.352912    0.357331  0.00181657
          12        1.25    0.357675     0.35736  0.00165854
          13        1.25    0.354897     0.35717  0.00153736
          14        1.25     0.35864    0.357275  0.00142718
          15        1.25    0.363053     0.35766  0.00138335
          16        1.25    0.364546    0.358091  0.00136369
          17        1.25      0.3466    0.357415  0.00144836
          18        1.25    0.366354    0.357911  0.00145303
          19        1.25    0.357752    0.357903  0.00137446
          20        1.25    0.368783    0.358447  0.00141285
           1       1.175    0.384636    0.384636           0
           2       1.175    0.370468    0.377552  0.00708424
           3       1.175    0.378834    0.377979  0.00411235
           4       1.175    0.372738    0.376669   0.0031895
           5       1.175    0.374569    0.376249  0.00250602
           6       1.175    0.371757      0.3755  0.00217882
           7       1.175    0.393414    0.378059   0.0031527
           8       1.175    0.383481    0.378737  0.00281318
           9       1.175    0.381773    0.379074  0.00250381
          10       1.175    0.371994    0.378366  0.00234875
          11       1.175    0.382295    0.378724  0.00215434
          12       1.175    0.365536    0.377625  0.00225286
          13       1.175    0.371987    0.377191  0.00211722
          14       1.175    0.377109    0.377185  0.00196017
          15       1.175    0.372224    0.376854  0.00185455
          16       1.175    0.380162    0.377061  0.00174705
          17       1.175    0.374863    0.376932  0.00164615
          18       1.175    0.370916    0.376598  0.00158758
          19       1.175    0.379754    0.376764  0.00151086
          20       1.175    0.372422    0.376547  0.00144967
           1         1.1    0.387683    0.387683           0
           2         1.1    0.397104    0.392393  0.00471016
           3         1.1    0.396929    0.393905  0.00311142
           4         1.1    0.386443     0.39204  0.00288465
           5         1.1    0.396047    0.392841  0.00237385
           6         1.1    0.397812     0.39367  0.00210787
           7         1.1    0.399708    0.394532  0.00197937
           8         1.1     0.39552    0.394656  0.00171862
           9         1.1    0.401877    0.395458  0.00171497
          10         1.1    0.384645    0.394377  0.00187676
          11         1.1    0.408082    0.395623  0.00210575
          12         1.1    0.395681    0.395628  0.00192228
          13         1.1    0.391233    0.395289  0.00180026
          14         1.1    0.393742    0.395179  0.00167038
          15         1.1     0.40991    0.396161  0.00183918
          16         1.1    0.405876    0.396768  0.00182439
          17         1.1    0.403686    0.397175  0.00176136
          18         1.1    0.407003    0.397721  0.00174808
          19         1.1    0.400396    0.397862   0.0016595
          20         1.1    0.391151    0.397526  0.00160971
           1       1.025    0.413313    0.413313           0
           2       1.025    0.426011    0.419662    0.006349
           3       1.025    0.410465    0.416596  0.00477853
           4       1.025    0.429762    0.419888  0.00471713
           5       1.025     0.42256    0.420422  0.00369275
           6       1.025    0.407559    0.418278  0.00369956
           7       1.025    0.414667    0.417762  0.00316897
           8       1.025     0.40344    0.415972  0.00327674
           9       1.025    0.389575    0.413039  0.00411749
          10       1.025    0.394421    0.411177  0.00412665
          11       1.025    0.397471    0.409931  0.00393518
          12       1.025    0.407291    0.409711  0.00359904
          13       1.025    0.423945    0.410806  0.00348699
          14       1.025    0.394185    0.409619   0.0034397
          15       1.025     0.40884    0.409567   0.0032026
          16       1.025    0.407626    0.409446  0.00299822
          17       1.025    0.426291    0.410437  0.00298557
          18       1.025      0.3997     0.40984  0.00287732
          19       1.025    0.410002    0.409849  0.00272169
          20       1.025    0.419593    0.410336  0.00262758
           1        0.95    0.407663    0.407663           0
           2        0.95    0.428006    0.417835   0.0101716
           3        0.95    0.420335    0.418668  0.00593143
           4        0.95    0.423831    0.419959  0.00438825
           5        0.95    0.423524    0.420672  0.00347311
           6        0.95    0.436986    0.423391  0.00392865
           7        0.95    0.428405    0.424107  0.00339669
           8        0.95    0.430414    0.424896  0.00304542
           9        0.95    0.435309    0.426053  0.00292442
          10        0.95    0.401567    0.423604  0.00358292
          11        0.95    0.439014    0.425005  0.00353069
          12        0.95    0.428075    0.425261   0.0032332
          13        0.95    0.439325    0.426343  0.00316477
          14        0.95    0.432611     0.42679  0.00296402
          15        0.95     0.45116    0.428415  0.00320209
          16        0.95    0.422108    0.428021  0.00302111
          17        0.95     0.42681    0.427949  0.00283873
          18        0.95    0.435799    0.428386  0.00271168
          19        0.95    0.420671     0.42798  0.00259693
          20        0.95    0.418575    0.427509  0.00250814
           1       0.875    0.402513    0.402513           0
           2       0.875     0.46877    0.435642   0.0331285
           3       0.875    0.440068    0.437117   0.0191836
           4       0.875    0.445799    0.439287   0.0137374
           5       0.875    0.456022    0.442634   0.0111549
           6       0.875    0.444656    0.442971  0.00911416
           7       0.875    0.453642    0.444496  0.00785226
           8       0.875     0.41727    0.441093  0.00760428
           9       0.875    0.448643    0.441932  0.00675861
          10       0.875    0.438656    0.441604  0.00605396
          11       0.875    0.432583    0.440784  0.00553708
          12       0.875    0.423191    0.439318  0.00526297
          13       0.875    0.437216    0.439156  0.00484393
          14       0.875      0.4514    0.440031  0.00456908
          15       0.875    0.423661    0.438939  0.00439134
          16       0.875    0.436061    0.438759  0.00411166
          17       0.875    0.428535    0.438158  0.00390878
          18       0.875    0.446757    0.438636  0.00371606
          19       0.875    0.433664    0.438374  0.00352477
          20       0.875    0.443227    0.438617  0.00335269
           1         0.8    0.412552    0.412552           0
           2         0.8    0.459419    0.435986   0.0234338
           3         0.8     0.46579     0.44592   0.0167853
           4         0.8    0.440602    0.444591   0.0119432
           5         0.8    0.445532    0.444779   0.0092531
           6         0.8    0.447418    0.445219  0.00756792
           7         0.8    0.436065    0.443911  0.00652837
           8         0.8    0.438459     0.44323  0.00569467
           9         0.8    0.434263    0.442233   0.0051201
          10         0.8    0.430156    0.441026  0.00473613
          11         0.8     0.44561    0.441442  0.00430422
          12         0.8    0.437859    0.441144  0.00394052
          13         0.8    0.438585    0.440947   0.0036301
          14         0.8    0.430934    0.440232  0.00343607
          15         0.8    0.427836    0.439405  0.00330383
          16         0.8    0.419968     0.43819  0.00332065
          17         0.8    0.472822    0.440228  0.00372549
          18         0.8    0.424389    0.439348  0.00362097
          19         0.8    0.442847    0.439532  0.00343004
          20         0.8    0.448305    0.439971  0.00328345
           1       0.725     0.42733     0.42733           0
           2       0.725     0.47216    0.449745    0.022415
           3       0.725    0.451011    0.450167   0.0129482
           4       0.725    0.373472    0.430993   0.0212475
           5       0.725    0.456366    0.436068   0.0172228
           6       0.725    0.425644    0.434331   0.0141693
           7       0.725    0.431171    0.433879   0.0119837
           8       0.725    0.437921    0.434384   0.0103905
           9       0.725    0.439071    0.434905  0.00917836
          10       0.725    0.446148    0.436029    0.008286
          11       0.725    0.415637    0.434176  0.00772084
          12       0.725    0.399507    0.431286  0.00761727
          13       0.725    0.418337     0.43029  0.00707733
          14       0.725    0.408847    0.428759  0.00672897
          15       0.725    0.435123    0.429183  0.00627868
          16       0.725     0.42906    0.429175  0.00587318
          17       0.725    0.432153     0.42935  0.00551967
          18       0.725    0.475899    0.431936  0.00581111
          19       0.725    0.446535    0.432705   0.0055502
          20       0.725    0.425665    0.432353  0.00527714
           1        0.65    0.393337    0.393337           0
           2        0.65    0.435586    0.414461   0.0211246
           3        0.65    0.438305    0.422409   0.0145574
           4        0.65    0.447205    0.428608    0.012016
           5        0.65    0.430033    0.428893  0.00931192
           6        0.65    0.438002    0.430411  0.00775324
           7        0.65    0.466708    0.435597  0.00835607
           8        0.65     0.45448    0.437957  0.00761179
           9        0.65    0.414704    0.435373  0.00719299
          10        0.65    0.450946    0.436931  0.00661939
          11        0.65    0.389156    0.432587   0.0073968
          12        0.65    0.426081    0.432045  0.00677406
          13        0.65    0.414883    0.430725  0.00636954
          14        0.65    0.424208     0.43026  0.00591539
          15        0.65     0.49909    0.434848  0.00716817
          16        0.65    0.476398    0.437445  0.00719052
          17        0.65    0.340283     0.43173  0.00884799
          18        0.65    0.440397    0.432211  0.00835585
          19        0.65    0.439051    0.432571  0.00791204
          20        0.65    0.421984    0.432042  0.00752466
           1       0.575    0.396949    0.396949           0
           2       0.575    0.391885    0.394417  0.00253215
           3       0.575    0.410464    0.399766   0.0055453
           4       0.575    0.406112    0.401353  0.00422988
           5       0.575    0.379688     0.39702  0.00543231
           6       0.575    0.411328    0.399404  0.00503588
           7       0.575    0.451776    0.406886  0.00860748
           8       0.575    0.409207    0.407176  0.00745994
           9       0.575    0.427605    0.409446  0.00695962
          10       0.575    0.405716    0.409073  0.00623604
          11       0.575     0.44697    0.412518  0.00660961
          12       0.575     0.40502    0.411893  0.00606599
          13       0.575    0.397424     0.41078  0.00568982
          14       0.575     0.36699    0.407652  0.00612641
          15       0.575    0.374252    0.405426  0.00612263
          16       0.575    0.432496    0.407118  0.00597187
          17       0.575    0.425282    0.408186  0.00571045
          18       0.575    0.410642    0.408322  0.00538559
          19       0.575    0.360966     0.40583  0.00567132
          20       0.575    0.393091    0.405193  0.00541786
           1         0.5    0.319373    0.319373           0
           2         0.5     0.39145    0.355412   0.0360384
           3         0.5    0.274656    0.328493   0.0340225
           4         0.5    0.334394    0.329968   0.0241027
           5         0.5    0.346028     0.33318   0.0189441
           6         0.5    0.324697    0.331766   0.0155323
           7         0.5    0.232025    0.317518   0.0193739
           8         0.5     0.38996    0.326573    0.019066
           9         0.5    0.375734    0.332035   0.0176796
          10         0.5    0.336563    0.332488   0.0158196
          11         0.5    0.295294    0.329107   0.0147034
          12         0.5    0.254605    0.322898   0.0147886
          13         0.5    0.340334     0.32424   0.0136695
          14         0.5    0.336116    0.325088   0.0126839
          15         0.5    0.308761    0.323999   0.0118582
          16         0.5    0.406938    0.329183   0.0122437
          17         0.5    0.389372    0.332724   0.0120336
          18         0.5    0.235662    0.327331   0.0125617
          19         0.5    0.345723    0.328299   0.0119215
          20         0.5     0.41612     0.33269   0.0121322
