           1           2     1.32393     1.32393           0
           2           2     1.38436     1.35415    0.030214
           3           2     1.36096     1.35642   0.0175911
           4           2     1.32233     1.34789   0.0150781
           5           2      1.3703     1.35237   0.0125093
           6           2     1.35467     1.35276    0.010221
           7           2     1.34966     1.35231  0.00864962
           8           2     1.31426     1.34756  0.00887349
           9           2      1.3043     1.34275  0.00918383
          10           2     1.37001     1.34548  0.00865481
          11           2     1.33698      1.3447  0.00786663
          12           2     1.35817     1.34583  0.00726838
          13           2     1.36814     1.34754  0.00690274
          14           2     1.33346     1.34654  0.00646938
          15           2     1.36261     1.34761  0.00611722
          16           2     1.32027      1.3459  0.00597183
          17           2     1.38852     1.34841  0.00614441
          18           2     1.35933     1.34901  0.00582469
          19           2     1.36326     1.34976  0.00556036
          20           2     1.32296     1.34842  0.00544255
           1       1.925      1.4338      1.4338           0
           2       1.925      1.4638      1.4488   0.0150005
           3       1.925     1.49856     1.46539   0.0187128
           4       1.925     1.46796     1.46603   0.0132475
           5       1.925     1.41688      1.4562     0.01421
           6       1.925     1.41275     1.44896   0.0136773
           7       1.925     1.49562     1.45562   0.0133436
           8       1.925     1.44637     1.45447   0.0116136
           9       1.925     1.45694     1.45474   0.0102459
          10       1.925      1.4935     1.45862  0.00995023
          11       1.925     1.41618     1.45476  0.00979238
          12       1.925     1.50199      1.4587  0.00976738
          13       1.925     1.45196     1.45818  0.00899959
          14       1.925     1.42371     1.45572  0.00868807
          15       1.925     1.56436     1.46296   0.0108571
          16       1.925     1.45305     1.46234   0.0101748
          17       1.925     1.38837     1.45799   0.0105014
          18       1.925     1.48801     1.45966   0.0100403
          19       1.925      1.4765     1.46054  0.00953841
          20       1.925     1.42548     1.45879   0.0092172
           1        1.85      1.5857      1.5857           0
           2        1.85     1.55299     1.56934   0.0163546
           3        1.85       1.518     1.55223   0.0195462
           4        1.85     1.66694     1.58091   0.0318343
           5        1.85     1.69021     1.60277    0.032954
           6        1.85     1.58891     1.60046   0.0270058
           7        1.85     1.42883     1.57594   0.0334981
           8        1.85     1.65828     1.58623   0.0307819
           9        1.85     1.65367     1.59373   0.0281623
          10        1.85     1.57088     1.59144   0.0252925
          11        1.85     1.58845     1.59117   0.0228795
          12        1.85     1.60988     1.59273   0.0209442
          13        1.85     1.66996     1.59867   0.0201611
          14        1.85     1.55195     1.59533   0.0189615
          15        1.85     1.63122     1.59773   0.0178136
          16        1.85     1.54418     1.59438   0.0169958
          17        1.85     1.62406     1.59613     0.01606
          18        1.85     1.56304     1.59429   0.0152527
          19        1.85     1.58658     1.59388   0.0144333
          20        1.85     1.65883     1.59713   0.0140725
           1       1.775     1.66959     1.66959           0
           2       1.775     1.72516     1.69737   0.0277837
           3       1.775     1.70766      1.7008    0.016403
           4       1.775     1.67681      1.6948   0.0130577
           5       1.775     1.74436     1.70471   0.0141607
           6       1.775     1.70801     1.70526   0.0115752
           7       1.775     1.65992     1.69878   0.0117331
           8       1.775     1.83085     1.71529   0.0193849
           9       1.775     1.81696     1.72659   0.0204912
          10       1.775     1.77148     1.73108   0.0188696
          11       1.775     1.79511      1.7369   0.0180337
          12       1.775      1.8297     1.74463   0.0181884
          13       1.775     1.69928     1.74114   0.0170908
          14       1.775     1.79629     1.74508   0.0163059
          15       1.775     1.64784      1.7386   0.0165063
          16       1.775     1.66003     1.73369   0.0162023
          17       1.775     1.75904     1.73518   0.0152923
          18       1.775     1.73152     1.73498   0.0144192
          19       1.775     1.75451     1.73601   0.0136779
          20       1.775     1.84288     1.74135   0.0140333
           1         1.7       1.945       1.945           0
           2         1.7     1.95923     1.95212  0.00711529
           3         1.7     1.92154     1.94193   0.0109882
           4         1.7     1.88697     1.92819    0.015784
           5         1.7     1.94405     1.93136    0.012631
           6         1.7     1.87572     1.92209   0.0138694
           7         1.7     1.91623     1.92125   0.0117517
           8         1.7      1.8631     1.91398   0.0125062
           9         1.7     1.95632     1.91868   0.0119909
          10         1.7     1.96311     1.92313   0.0116087
          11         1.7     1.87041     1.91833   0.0115422
          12         1.7     1.94955     1.92094   0.0108529
          13         1.7     1.86876     1.91692   0.0107599
          14         1.7     1.99786      1.9227   0.0115179
          15         1.7     1.99219     1.92734   0.0116804
          16         1.7     1.82974     1.92124   0.0125133
          17         1.7     1.94729     1.92277   0.0118537
          18         1.7     1.91124     1.92213   0.0111942
          19         1.7     1.99011     1.92571   0.0111768
          20         1.7     2.02097     1.93047    0.011624
           1       1.625     2.14068     2.14068           0
           2       1.625     2.13974     2.14021 0.000470154
           3       1.625     1.99875     2.09306   0.0471516
           4       1.625     2.13639     2.10389    0.035057
           5       1.625     2.10459     2.10403   0.0271554
           6       1.625     2.16801     2.11469   0.0246032
           7       1.625     2.22304     2.13017   0.0259215
           8       1.625     2.09282      2.1255   0.0229289
           9       1.625     2.12152     2.12506   0.0202262
          10       1.625     2.12127     2.12468   0.0180948
          11       1.625     2.12095     2.12434   0.0163709
          12       1.625     1.99533     2.11359   0.0184097
          13       1.625        2.11     2.11331   0.0169367
          14       1.625     2.15351     2.11618    0.015941
          15       1.625     2.11193      2.1159    0.014843
          16       1.625     2.05359     2.11201   0.0144202
          17       1.625     1.96287     2.10323   0.0161383
          18       1.625     2.05681     2.10065   0.0154324
          19       1.625     2.05418     2.09821   0.0148011
          20       1.625     2.15908     2.10125   0.0143676
           1        1.55     2.31524     2.31524           0
           2        1.55       2.388     2.35162   0.0363819
           3        1.55     2.46639     2.38988   0.0436459
           4        1.55     2.24588     2.35388   0.0474178
           5        1.55     2.27685     2.33847   0.0398295
           6        1.55     2.26973     2.32702   0.0344798
           7        1.55     2.31707     2.32559   0.0291754
           8        1.55     2.34598     2.32814   0.0253948
           9        1.55     2.52293     2.34979   0.0311451
          10        1.55     2.30426     2.34523   0.0282265
          11        1.55     2.21113     2.33304   0.0282932
          12        1.55     2.34968     2.33443   0.0258652
          13        1.55     2.34429     2.33519   0.0238046
          14        1.55     2.39933     2.33977   0.0225101
          15        1.55     2.38688     2.34291   0.0211898
          16        1.55      2.2188     2.33515    0.021285
          17        1.55     2.32939     2.33481   0.0199967
          18        1.55     2.30972     2.33342   0.0189045
          19        1.55     2.33535     2.33352   0.0178822
          20        1.55     2.42012     2.33785   0.0175084
           1       1.475     2.51505     2.51505           0
           2       1.475     2.81408     2.66457    0.149513
           3       1.475     2.66904     2.66606   0.0863344
           4       1.475     2.72833     2.68163   0.0630015
           5       1.475     2.70037     2.68537   0.0489445
           6       1.475     2.63152      2.6764   0.0409585
           7       1.475     2.50505     2.65192   0.0423966
           8       1.475     2.44891     2.62655   0.0446325
           9       1.475     2.67964     2.63244   0.0398018
          10       1.475     2.62241     2.63144    0.035614
          11       1.475     2.59146     2.62781   0.0324185
          12       1.475     2.49947     2.61711    0.031467
          13       1.475     2.85311     2.63527   0.0341673
          14       1.475     2.61305     2.63368   0.0316726
          15       1.475     2.61623     2.63252   0.0295085
          16       1.475     2.69174     2.63622   0.0278497
          17       1.475      2.6022     2.63422   0.0262367
          18       1.475     2.64809     2.63499   0.0247482
          19       1.475     2.72559     2.63975   0.0238902
          20       1.475     2.53795     2.63466   0.0232288
           1         1.4     2.95825     2.95825           0
           2         1.4     2.94261     2.95043     0.00782
           3         1.4     3.04331     2.98139   0.0312865
           4         1.4     3.09182       3.009   0.0353784
           5         1.4      3.0597     3.01914   0.0292197
           6         1.4     2.89507     2.99846   0.0315719
           7         1.4     2.85856     2.97847   0.0333379
           8         1.4     2.97284     2.97777   0.0288801
           9         1.4     3.09585     2.99089   0.0286502
          10         1.4     3.06856     2.99866   0.0267768
          11         1.4     2.95579     2.99476   0.0245319
          12         1.4     2.94374     2.99051   0.0227946
          13         1.4     2.94736     2.98719    0.021229
          14         1.4     2.91385     2.98195   0.0203404
          15         1.4     2.88084     2.97521   0.0200998
          16         1.4     2.87285     2.96881   0.0198603
          17         1.4     3.06541     2.97449   0.0195017
          18         1.4     3.03802     2.97802    0.018722
          19         1.4     3.02455     2.98047   0.0178777
          20         1.4     2.91782     2.97734   0.0172472
           1       1.325     3.32603     3.32603           0
           2       1.325     3.30235     3.31419     0.01184
           3       1.325     3.23971     3.28936   0.0257511
           4       1.325     3.35719     3.30632   0.0248817
           5       1.325     3.57747     3.36055   0.0575534
           6       1.325     3.32916     3.35532   0.0472825
           7       1.325       3.456      3.3697   0.0424706
           8       1.325     3.34738     3.36691   0.0368863
           9       1.325     3.07839     3.33485    0.045672
          10       1.325     3.68802     3.37017   0.0540003
          11       1.325     3.18658     3.35348   0.0516178
          12       1.325      3.4419     3.36085   0.0476929
          13       1.325     3.22795     3.35063   0.0450465
          14       1.325     3.40011     3.35416   0.0418545
          15       1.325     3.38948     3.35652   0.0390355
          16       1.325     3.32223     3.35437   0.0365771
          17       1.325     3.43466      3.3591   0.0346813
          18       1.325     3.63977     3.37469   0.0362256
          19       1.325     3.64258     3.38879   0.0370534
          20       1.325     3.64742     3.40172   0.0374551
           1        1.25     4.04058     4.04058           0
           2        1.25     3.93709     3.98884   0.0517472
           3        1.25     4.22635     4.06801   0.0846207
           4        1.25      3.9016      4.0264   0.0728768
           5        1.25     3.66689      3.9545   0.0914153
           6        1.25     4.11189     3.98073   0.0791156
           7        1.25     4.09148     3.99655   0.0687111
           8        1.25     3.99878     3.99683   0.0595062
           9        1.25     4.10006      4.0083   0.0537184
          10        1.25     3.93172     4.00065   0.0486537
          11        1.25     3.78984     3.98148   0.0480006
          12        1.25     4.08973      3.9905   0.0447373
          13        1.25     3.78349     3.97458   0.0441257
          14        1.25     3.90968     3.96994   0.0411146
          15        1.25     4.01932     3.97323   0.0384169
          16        1.25     3.95114     3.97185   0.0359623
          17        1.25     3.94201      3.9701   0.0338262
          18        1.25     3.98468     3.97091    0.031902
          19        1.25     4.16188     3.98096   0.0318062
          20        1.25     3.90143     3.97698   0.0304349
           1       1.175     4.70128     4.70128           0
           2       1.175     4.77047     4.73587   0.0345974
           3       1.175     4.35886      4.6102     0.12725
           4       1.175     4.63061      4.6153    0.090124
           5       1.175     4.60773     4.61379   0.0698262
           6       1.175     4.71298     4.63032   0.0593614
           7       1.175     5.09046     4.69606   0.0826925
           8       1.175     4.79149     4.70798   0.0726006
           9       1.175     4.56187     4.69175   0.0660539
          10       1.175     4.78886     4.70146   0.0598732
          11       1.175     4.68078     4.69958   0.0541899
          12       1.175     4.83009     4.71046   0.0506498
          13       1.175     4.94087     4.72818   0.0498486
          14       1.175     4.63327      4.7214   0.0466461
          15       1.175     4.55424     4.71026   0.0448323
          16       1.175     4.72747     4.71133   0.0419506
          17       1.175     4.28839     4.68645   0.0466022
          18       1.175     4.55488     4.67914   0.0445408
          19       1.175     4.40317     4.66462    0.044565
          20       1.175     4.73017      4.6679   0.0424049
           1         1.1     4.92386     4.92386           0
           2         1.1     5.89135     5.40761    0.483745
           3         1.1     5.86654     5.56058    0.318442
           4         1.1       5.921     5.65069    0.242531
           5         1.1     5.52876      5.6263     0.18944
           6         1.1     4.95044     5.51366    0.191347
           7         1.1      5.8578     5.56282    0.169026
           8         1.1     5.94001     5.60997    0.153786
           9         1.1     5.46364     5.59371    0.136598
          10         1.1     5.60242     5.59458     0.12218
          11         1.1     5.97345     5.62902    0.115759
          12         1.1     5.45263     5.61432     0.10669
          13         1.1     5.84591     5.63214   0.0997445
          14         1.1     5.45609     5.61956   0.0931977
          15         1.1     5.72722     5.62674   0.0870587
          16         1.1      5.6868     5.63049   0.0815224
          17         1.1     5.99753     5.65209   0.0795625
          18         1.1     5.39815     5.63798   0.0763273
          19         1.1     5.71833     5.64221   0.0723221
          20         1.1      4.8782     5.60401   0.0785283
           1       1.025     7.22191     7.22191           0
           2       1.025     7.27209       7.247   0.0250927
           3       1.025     6.85994     7.11798    0.129831
           4       1.025     7.12787     7.12045   0.0918374
           5       1.025     6.91141     7.07864   0.0825135
           6       1.025     7.28564     7.11314    0.075691
           7       1.025     7.11677     7.11366   0.0639727
           8       1.025     7.24963     7.13066   0.0579505
           9       1.025     6.83542     7.09785   0.0607297
          10       1.025     6.79696     7.06776   0.0620952
          11       1.025     6.80617     7.04398   0.0609942
          12       1.025     6.15753     6.97011   0.0925053
          13       1.025     7.64206      7.0218   0.0995611
          14       1.025      6.9475     7.01649   0.0923283
          15       1.025     6.12947     6.95736    0.104331
          16       1.025      7.2994     6.97874   0.0999063
          17       1.025     6.62189     6.95774   0.0961645
          18       1.025     6.72315     6.94471   0.0915967
          19       1.025     6.89666     6.94218   0.0866787
          20       1.025     6.60905     6.92553   0.0839007
           1        0.95     9.47453     9.47453           0
           2        0.95     7.76024     8.61739    0.857149
           3        0.95      9.2353     8.82336    0.536028
           4        0.95     8.44454     8.72865    0.390682
           5        0.95     8.60868     8.70466     0.30357
           6        0.95     9.19124     8.78576    0.260794
           7        0.95     9.08819     8.82896    0.224606
           8        0.95     8.48929      8.7865    0.199094
           9        0.95     8.51676     8.75653    0.178124
          10        0.95     8.52072     8.73295    0.161055
          11        0.95     7.62434     8.63217    0.177143
          12        0.95     8.09774     8.58763     0.16773
          13        0.95     8.61064      8.5894    0.154299
          14        0.95     9.58841     8.66076    0.159684
          15        0.95       9.816     8.73777    0.167423
          16        0.95     8.34561     8.71326    0.158517
          17        0.95     9.18947     8.74128    0.151512
          18        0.95     8.52072     8.72902    0.143372
          19        0.95     8.27131     8.70493    0.137739
          20        0.95     8.77831      8.7086    0.130722
           1       0.875     9.95451     9.95451           0
           2       0.875     14.0336      11.994     2.03952
           3       0.875     10.1985     11.3955      1.3209
           4       0.875     11.4871     11.4184    0.934298
           5       0.875     11.5822     11.4512    0.724445
           6       0.875     11.8016     11.5096    0.594384
           7       0.875     11.4737     11.5045    0.502372
           8       0.875      10.156     11.3359    0.466578
           9       0.875     11.8496      11.393    0.415423
          10       0.875     12.6994     11.5236    0.393863
          11       0.875     12.1952     11.5847    0.361455
          12       0.875     10.6029     11.5029    0.339954
          13       0.875     11.9026     11.5336     0.31422
          14       0.875     10.3684     11.4504    0.302582
          15       0.875     11.0259     11.4221    0.283107
          16       0.875     9.39247     11.2952    0.293635
          17       0.875     11.7665     11.3229    0.277212
          18       0.875     12.6635     11.3974    0.271763
          19       0.875     10.8512     11.3687    0.258664
          20       0.875      11.273     11.3639    0.245437
           1         0.8     13.7875     13.7875           0
           2         0.8      15.387     14.5873    0.799775
           3         0.8      16.248     15.1408    0.720881
           4         0.8     16.0789     15.3754    0.561102
           5         0.8     14.7662     15.2535    0.451379
           6         0.8     18.2472     15.7525    0.620301
           7         0.8     14.6063     15.5887    0.549227
           8         0.8     17.2437     15.7956    0.518685
           9         0.8     14.3619     15.6363    0.484383
          10         0.8     13.7102     15.4437    0.474131
          11         0.8     13.9204     15.3052     0.45067
          12         0.8     15.5943     15.3293    0.412108
          13         0.8     15.6244      15.352    0.379763
          14         0.8     13.4747     15.2179    0.376296
          15         0.8     12.4133     15.0309    0.397086
          16         0.8     15.1243     15.0368    0.371485
          17         0.8     14.5802     15.0099    0.349982
          18         0.8      15.558     15.0404    0.331368
          19         0.8     15.3941      15.059    0.313995
          20         0.8     15.0305     15.0576    0.297885
           1       0.725     28.4604     28.4604           0
           2       0.725     23.3374     25.8989     2.56149
           3       0.725     21.6309     24.4763     2.05209
           4       0.725     19.8013     23.3075      1.8632
           5       0.725     20.4029     22.7266     1.55576
           6       0.725     21.0945     22.4546     1.29907
           7       0.725     21.7809     22.3583     1.10212
           8       0.725     19.8139     22.0403     1.00606
           9       0.725     24.1706      22.277    0.918295
          10       0.725     22.7817     22.3275    0.822897
          11       0.725     22.8043     22.3708    0.745599
          12       0.725     17.0035     21.9235    0.814445
          13       0.725     23.2696     22.0271    0.756302
          14       0.725     21.6898      22.003    0.700614
          15       0.725     19.7305     21.8515      0.6696
          16       0.725     21.4521     21.8265    0.626851
          17       0.725     19.7928     21.7069    0.600853
          18       0.725     21.7071     21.7069     0.56649
          19       0.725     22.2755     21.7368    0.536681
          20       0.725     21.0484     21.7024    0.510302
           1        0.65     37.1909     37.1909           0
           2        0.65     37.1723     37.1816     0.00928
           3        0.65     39.6548      38.006    0.824415
           4        0.65     36.2644     37.5706    0.727604
           5        0.65     31.7571     36.4079      1.2921
           6        0.65      37.273     36.5521      1.0648
           7        0.65     39.2418     36.9363     0.97852
           8        0.65     39.2258     37.2225    0.894443
           9        0.65     32.8709      36.739    0.925218
          10        0.65     42.5795     37.3231     1.01288
          11        0.65      31.017     36.7498     1.08076
          12        0.65     34.4479      36.558     1.00507
          13        0.65     26.1106     35.7543     1.22499
          14        0.65     26.1846     35.0708     1.32419
          15        0.65     37.6637     35.2436     1.24481
          16        0.65     37.0589     35.3571     1.16993
          17        0.65      24.727     34.7318      1.2644
          18        0.65     32.7105     34.6195     1.19736
          19        0.65     35.7242     34.6776     1.13408
          20        0.65     29.4093     34.4142     1.10767
           1       0.575     50.2052     50.2052           0
           2       0.575      57.073     53.6391     3.43389
           3       0.575     43.0182     50.0988     4.05761
           4       0.575     60.0166     52.5783     3.79206
           5       0.575     60.2556     54.1137     3.31444
           6       0.575     49.6334      53.367     2.80736
           7       0.575     42.0314     51.7476      2.8726
           8       0.575     51.8056     51.7549     2.48776
           9       0.575     48.7444     51.4204     2.21935
          10       0.575     56.1996     51.8983     2.04176
          11       0.575     50.1429     51.7387     1.85373
          12       0.575     48.5892     51.4763     1.71245
          13       0.575     57.2925     51.9237     1.63752
          14       0.575     46.6914     51.5499     1.56144
          15       0.575     54.0599     51.7173     1.46322
          16       0.575     50.7474     51.6566     1.37006
          17       0.575     51.4429     51.6441     1.28701
          18       0.575     53.3501     51.7388      1.2171
          19       0.575     43.9371     51.3282      1.2223
          20       0.575     46.3271     51.0782     1.18623
           1         0.5     77.7685     77.7685           0
           2         0.5     73.5144     75.6414     2.12706
           3         0.5     83.3126     78.1985     2.83667
           4         0.5     78.7834     78.3447     2.01115
           5         0.5     73.7657     77.4289     1.80708
           6         0.5     78.2293     77.5623     1.48149
           7         0.5     89.3423     79.2452     2.09755
           8         0.5     68.5827     77.9124     2.25303
           9         0.5     67.7955     76.7883     2.28292
          10         0.5     77.2771     76.8371     2.04249
          11         0.5     82.3768     77.3408     1.91491
          12         0.5     84.7762     77.9604     1.85463
          13         0.5     80.4198     78.1496     1.71647
          14         0.5     75.0455     77.9278     1.60454
          15         0.5     80.8995     78.1259     1.50682
          16         0.5     62.3496     77.1399     1.72016
          17         0.5     65.3962     76.4491     1.75728
          18         0.5     90.9366      77.254     1.84193
          19         0.5     77.7205     77.2785     1.74247
          20         0.5     71.3911     76.9842     1.67906
