           1           2   -0.461872   -0.461872           0
           2           2   -0.463496   -0.462684    0.000812
           3           2   -0.462008   -0.462459  0.00052015
           4           2   -0.458624     -0.4615   0.0010268
           5           2   -0.459872   -0.461174 0.000859423
           6           2    -0.46316   -0.461505 0.000775836
           7           2    -0.46228   -0.461616 0.000664975
           8           2    -0.46152   -0.461604  0.00057601
           9           2   -0.465264   -0.462011 0.000650719
          10           2   -0.459352   -0.461745 0.000639869
          11           2   -0.463944   -0.461945 0.000612341
          12           2   -0.461304   -0.461891 0.000561532
          13           2   -0.465256    -0.46215 0.000577751
          14           2   -0.463304   -0.462233 0.000541206
          15           2   -0.464448    -0.46238 0.000525037
          16           2   -0.464696   -0.462525 0.000512009
          17           2   -0.460592   -0.462411 0.000494207
          18           2     -0.4626   -0.462422 0.000466061
          19           2    -0.46192   -0.462395  0.00044164
          20           2   -0.459616   -0.462256 0.000441422
           1       1.925   -0.479024   -0.479024           0
           2       1.925   -0.477288   -0.478156    0.000868
           3       1.925   -0.477584   -0.477965 0.000536186
           4       1.925   -0.479616   -0.478378 0.000560394
           5       1.925   -0.475368   -0.477776 0.000742178
           6       1.925   -0.475408   -0.477381 0.000723174
           7       1.925   -0.475576   -0.477123  0.00066338
           8       1.925   -0.479864   -0.477466 0.000668887
           9       1.925   -0.475608    -0.47726 0.000624984
          10       1.925   -0.478232   -0.477357 0.000567398
          11       1.925    -0.47636   -0.477266 0.000521169
          12       1.925    -0.47864   -0.477381 0.000489341
          13       1.925   -0.479648   -0.477555 0.000482736
          14       1.925   -0.477368   -0.477542 0.000447127
          15       1.925   -0.474448   -0.477335 0.000464547
          16       1.925    -0.48088   -0.477557 0.000487756
          17       1.925   -0.478112    -0.47759 0.000459328
          18       1.925      -0.476   -0.477501 0.000441972
          19       1.925   -0.476944   -0.477472 0.000419092
          20       1.925    -0.47768   -0.477482 0.000397721
           1        1.85   -0.493064   -0.493064           0
           2        1.85   -0.496288   -0.494676    0.001612
           3        1.85   -0.493552   -0.494301  0.00100327
           4        1.85   -0.493144   -0.494012 0.000766154
           5        1.85   -0.490376   -0.493285 0.000938624
           6        1.85   -0.493352   -0.493296 0.000766465
           7        1.85    -0.49456   -0.493477 0.000672478
           8        1.85   -0.492096   -0.493304 0.000607413
           9        1.85   -0.492928   -0.493262 0.000537315
          10        1.85    -0.49248   -0.493184 0.000486913
          11        1.85   -0.489144   -0.492817  0.00057347
          12        1.85   -0.493048   -0.492836 0.000523858
          13        1.85   -0.494992   -0.493002  0.00050962
          14        1.85   -0.489256   -0.492734 0.000542402
          15        1.85   -0.493352   -0.492775 0.000506625
          16        1.85    -0.49484   -0.492904 0.000491157
          17        1.85   -0.496864   -0.493137 0.000516819
          18        1.85   -0.492624   -0.493109 0.000488096
          19        1.85   -0.490464    -0.49297 0.000482222
          20        1.85   -0.490352   -0.492839 0.000475831
           1       1.775    -0.50984    -0.50984           0
           2       1.775   -0.511368   -0.510604    0.000764
           3       1.775     -0.5108   -0.510669 0.000445908
           4       1.775   -0.511064   -0.510768 0.000330382
           5       1.775    -0.51116   -0.510846 0.000267652
           6       1.775   -0.509712   -0.510657 0.000288972
           7       1.775   -0.509616   -0.510509 0.000285966
           8       1.775   -0.510416   -0.510497 0.000247924
           9       1.775   -0.509984    -0.51044 0.000225956
          10       1.775   -0.510464   -0.510442 0.000202115
          11       1.775   -0.513768   -0.510745 0.000353306
          12       1.775   -0.509672   -0.510655 0.000334682
          13       1.775   -0.513088   -0.510842 0.000360273
          14       1.775   -0.509768   -0.510766 0.000342263
          15       1.775     -0.5092   -0.510661 0.000335291
          16       1.775    -0.51212   -0.510752 0.000326618
          17       1.775   -0.512112   -0.510832 0.000317055
          18       1.775   -0.512048     -0.5109 0.000306455
          19       1.775   -0.509712   -0.510837 0.000296544
          20       1.775   -0.509424   -0.510767 0.000290068
           1         1.7   -0.533256   -0.533256           0
           2         1.7    -0.53072   -0.531988    0.001268
           3         1.7    -0.52784   -0.530605  0.00156452
           4         1.7   -0.526624    -0.52961  0.00148813
           5         1.7   -0.528496   -0.529387  0.00117404
           6         1.7     -0.5284   -0.529223 0.000972616
           7         1.7   -0.528296    -0.52909 0.000832602
           8         1.7    -0.52668   -0.528789 0.000781468
           9         1.7     -0.5284   -0.528746 0.000690544
          10         1.7   -0.526896   -0.528561 0.000644746
          11         1.7    -0.52692   -0.528412 0.000601969
          12         1.7   -0.527408   -0.528328 0.000555848
          13         1.7   -0.526904   -0.528218 0.000522907
          14         1.7   -0.528848   -0.528263 0.000486202
          15         1.7   -0.529168   -0.528324 0.000456629
          16         1.7   -0.525832   -0.528168 0.000454642
          17         1.7   -0.529408   -0.528241 0.000433246
          18         1.7   -0.530104   -0.528344 0.000421378
          19         1.7   -0.527992   -0.528326 0.000399015
          20         1.7    -0.53192   -0.528506 0.000419029
           1       1.625   -0.550568   -0.550568           0
           2       1.625   -0.549104   -0.549836    0.000732
           3       1.625   -0.548968   -0.549547 0.000512174
           4       1.625    -0.55032    -0.54974 0.000410535
           5       1.625    -0.54908   -0.549608 0.000344307
           6       1.625    -0.54868   -0.549453 0.000320863
           7       1.625   -0.547472    -0.54917 0.000391987
           8       1.625   -0.549384   -0.549197  0.00034052
           9       1.625   -0.548408   -0.549109 0.000312845
          10       1.625   -0.545648   -0.548763 0.000445091
          11       1.625     -0.5488   -0.548767 0.000402614
          12       1.625   -0.545536   -0.548497 0.000455584
          13       1.625   -0.549192   -0.548551 0.000422469
          14       1.625    -0.54768   -0.548489 0.000396045
          15       1.625   -0.545456   -0.548286 0.000420489
          16       1.625   -0.549136   -0.548339   0.0003969
          17       1.625    -0.54968   -0.548418  0.00038107
          18       1.625   -0.546976   -0.548338 0.000368104
          19       1.625   -0.547144   -0.548275 0.000353819
          20       1.625   -0.545264   -0.548125 0.000367886
           1        1.55    -0.56764    -0.56764           0
           2        1.55   -0.568704   -0.568172    0.000532
           3        1.55   -0.567848   -0.568064 0.000325585
           4        1.55     -0.5686   -0.568198 0.000266381
           5        1.55   -0.569984   -0.568555 0.000412513
           6        1.55   -0.570048   -0.568804 0.000418744
           7        1.55     -0.5654   -0.568318 0.000601432
           8        1.55   -0.568632   -0.568357 0.000522335
           9        1.55   -0.566496    -0.56815 0.000504937
          10        1.55   -0.565272   -0.567862 0.000535547
          11        1.55    -0.57104   -0.568151 0.000564013
          12        1.55   -0.567776    -0.56812  0.00051582
          13        1.55   -0.570672   -0.568316 0.000513491
          14        1.55   -0.568328   -0.568317 0.000475401
          15        1.55   -0.568776   -0.568348  0.00044363
          16        1.55   -0.568296   -0.568345 0.000414991
          17        1.55    -0.57184    -0.56855 0.000440721
          18        1.55   -0.569064   -0.568579 0.000416495
          19        1.55   -0.568464   -0.568573 0.000394011
          20        1.55    -0.57032    -0.56866 0.000383867
           1       1.475   -0.588792   -0.588792           0
           2       1.475   -0.590152   -0.589472     0.00068
           3       1.475   -0.588896    -0.58928 0.000437032
           4       1.475   -0.589496   -0.589334 0.000313711
           5       1.475   -0.589824   -0.589432 0.000262017
           6       1.475   -0.591776   -0.589823 0.000445409
           7       1.475   -0.587424    -0.58948 0.000509045
           8       1.475   -0.592264   -0.589828 0.000561649
           9       1.475   -0.587112   -0.589526 0.000580017
          10       1.475   -0.591056   -0.589679 0.000540867
          11       1.475    -0.58808   -0.589534 0.000510377
          12       1.475   -0.588448   -0.589443 0.000474614
          13       1.475   -0.593352   -0.589744 0.000530098
          14       1.475   -0.589336   -0.589715  0.00049164
          15       1.475   -0.592224   -0.589882 0.000487302
          16       1.475   -0.591328   -0.589973   0.0004647
          17       1.475   -0.587856   -0.589848 0.000453917
          18       1.475    -0.58888   -0.589794 0.000431323
          19       1.475    -0.58656   -0.589624 0.000442077
          20       1.475   -0.593976   -0.589842 0.000472481
           1         1.4   -0.613224   -0.613224           0
           2         1.4   -0.612152   -0.612688    0.000536
           3         1.4    -0.61248   -0.612619 0.000317132
           4         1.4   -0.613256   -0.612778 0.000275088
           5         1.4   -0.612432   -0.612709 0.000224037
           6         1.4   -0.612488   -0.612672  0.00018659
           7         1.4    -0.61672    -0.61325 0.000599402
           8         1.4   -0.612784   -0.613192 0.000522359
           9         1.4   -0.617064   -0.613622 0.000630329
          10         1.4    -0.61288   -0.613548 0.000568648
          11         1.4   -0.614536   -0.613638 0.000522145
          12         1.4    -0.61416   -0.613681 0.000478633
          13         1.4   -0.614376   -0.613735 0.000443509
          14         1.4   -0.614912   -0.613819 0.000419132
          15         1.4   -0.616048   -0.613967 0.000417532
          16         1.4   -0.612248    -0.61386 0.000405081
          17         1.4   -0.616048   -0.613989 0.000401685
          18         1.4   -0.614392   -0.614011 0.000379375
          19         1.4   -0.612488   -0.613931 0.000367697
          20         1.4   -0.613464   -0.613908 0.000349609
           1       1.325   -0.635168   -0.635168           0
           2       1.325   -0.634608   -0.634888     0.00028
           3       1.325   -0.641072   -0.636949  0.00206766
           4       1.325    -0.64144   -0.638072  0.00184337
           5       1.325   -0.640296   -0.638517  0.00149554
           6       1.325   -0.634576    -0.63786  0.00138654
           7       1.325   -0.634584   -0.637392  0.00126183
           8       1.325   -0.640296   -0.637755  0.00115149
           9       1.325   -0.636328   -0.637596  0.00102783
          10       1.325   -0.640752   -0.637912 0.000971965
          11       1.325    -0.63988   -0.638091 0.000897194
          12       1.325   -0.635736   -0.637895 0.000842205
          13       1.325   -0.637736   -0.637882 0.000774812
          14       1.325    -0.63232   -0.637485 0.000820021
          15       1.325   -0.638232   -0.637535  0.00076502
          16       1.325   -0.637744   -0.637548  0.00071573
          17       1.325   -0.637088   -0.637521 0.000672855
          18       1.325   -0.637744   -0.637533 0.000634495
          19       1.325   -0.635976   -0.637451 0.000605743
          20       1.325   -0.638776   -0.637518 0.000578463
           1        1.25   -0.663688   -0.663688           0
           2        1.25   -0.664208   -0.663948     0.00026
           3        1.25   -0.664672   -0.664189  0.00028421
           4        1.25   -0.666496   -0.664766 0.000610682
           5        1.25    -0.66364   -0.664541 0.000523903
           6        1.25    -0.66064   -0.663891 0.000778239
           7        1.25   -0.661496   -0.663549 0.000741378
           8        1.25    -0.65924    -0.66301 0.000838027
           9        1.25   -0.662224   -0.662923 0.000744213
          10        1.25   -0.664304   -0.663061 0.000679826
          11        1.25   -0.663576   -0.663108 0.000616706
          12        1.25    -0.66404   -0.663185  0.00056831
          13        1.25   -0.664024    -0.66325 0.000526734
          14        1.25    -0.66264   -0.663206 0.000489603
          15        1.25   -0.665392   -0.663352 0.000478521
          16        1.25   -0.661104   -0.663212 0.000469148
          17        1.25   -0.667496   -0.663464 0.000507666
          18        1.25   -0.661912   -0.663377 0.000486331
          19        1.25     -0.6638     -0.6634 0.000460561
          20        1.25    -0.66288   -0.663374 0.000437698
           1       1.175   -0.691688   -0.691688           0
           2       1.175   -0.692144   -0.691916    0.000228
           3       1.175   -0.692472   -0.692101 0.000227325
           4       1.175   -0.691808   -0.692028 0.000176681
           5       1.175   -0.692472   -0.692117 0.000163141
           6       1.175   -0.693968   -0.692425  0.00033606
           7       1.175   -0.692552   -0.692443 0.000284598
           8       1.175   -0.693184   -0.692536  0.00026328
           9       1.175    -0.69052   -0.692312 0.000322628
          10       1.175   -0.693552   -0.692436 0.000314081
          11       1.175    -0.69188   -0.692385 0.000288559
          12       1.175   -0.695848   -0.692674 0.000390701
          13       1.175   -0.693432   -0.692732 0.000364091
          14       1.175   -0.688584   -0.692436 0.000448802
          15       1.175   -0.690992    -0.69234 0.000428759
          16       1.175   -0.690544   -0.692227 0.000416475
          17       1.175   -0.692008   -0.692215 0.000391423
          18       1.175   -0.691928   -0.692199  0.00036938
          19       1.175   -0.691008   -0.692136 0.000354974
          20       1.175   -0.695464   -0.692302 0.000375626
           1         1.1   -0.724408   -0.724408           0
           2         1.1   -0.722048   -0.723228     0.00118
           3         1.1   -0.720624    -0.72236  0.00110343
           4         1.1   -0.720272   -0.721838 0.000938756
           5         1.1   -0.717792   -0.721029  0.00108792
           6         1.1   -0.719096   -0.720707 0.000944887
           7         1.1   -0.720744   -0.720712 0.000798593
           8         1.1   -0.724808   -0.721224 0.000860498
           9         1.1    -0.72304   -0.721426 0.000785255
          10         1.1   -0.720376   -0.721321 0.000710155
          11         1.1   -0.723632   -0.721531 0.000675849
          12         1.1   -0.723376   -0.721685 0.000635834
          13         1.1   -0.717672   -0.721376 0.000661334
          14         1.1    -0.72636   -0.721732  0.00070825
          15         1.1   -0.719184   -0.721562 0.000680874
          16         1.1   -0.717824   -0.721329 0.000678399
          17         1.1   -0.719784   -0.721238 0.000643689
          18         1.1   -0.718528   -0.721087 0.000625268
          19         1.1   -0.722208   -0.721146 0.000594379
          20         1.1   -0.720536   -0.721116 0.000564702
           1       1.025   -0.750288   -0.750288           0
           2       1.025   -0.750568   -0.750428     0.00014
           3       1.025   -0.750536   -0.750464 8.84835e-05
           4       1.025   -0.751088    -0.75062 0.000168079
           5       1.025    -0.74728   -0.749952 0.000680569
           6       1.025   -0.748784   -0.749757 0.000588794
           7       1.025    -0.74956   -0.749729 0.000498419
           8       1.025   -0.749152   -0.749657 0.000437631
           9       1.025   -0.756032   -0.750365 0.000806658
          10       1.025   -0.754488   -0.750778 0.000830976
          11       1.025     -0.7534   -0.751016 0.000788547
          12       1.025   -0.746672   -0.750654 0.000805739
          13       1.025    -0.74988   -0.750594  0.00074356
          14       1.025   -0.754504   -0.750874 0.000742887
          15       1.025   -0.749464    -0.75078 0.000697946
          16       1.025   -0.746376   -0.750505 0.000708513
          17       1.025   -0.751896   -0.750586 0.000670547
          18       1.025   -0.752568   -0.750696 0.000641712
          19       1.025   -0.751984   -0.750764  0.00061077
          20       1.025   -0.752424   -0.750847  0.00058534
           1        0.95   -0.779752   -0.779752           0
           2        0.95   -0.780448     -0.7801    0.000348
           3        0.95   -0.784808   -0.781669  0.00158214
           4        0.95   -0.779216   -0.781056  0.00127584
           5        0.95   -0.785352   -0.781915  0.00130954
           6        0.95   -0.781184   -0.781793  0.00107615
           7        0.95   -0.784712    -0.78221  0.00100053
           8        0.95    -0.78332   -0.782349 0.000877521
           9        0.95   -0.780816   -0.782179 0.000792424
          10        0.95   -0.782672   -0.782228 0.000710481
          11        0.95    -0.78064   -0.782084 0.000658669
          12        0.95   -0.779848   -0.781897 0.000629481
          13        0.95   -0.778736   -0.781654  0.00062803
          14        0.95    -0.78432   -0.781845 0.000611829
          15        0.95   -0.778952   -0.781652  0.00060134
          16        0.95   -0.783832   -0.781788 0.000578772
          17        0.95   -0.779192   -0.781635 0.000564701
          18        0.95   -0.779856   -0.781536 0.000541504
          19        0.95   -0.780112   -0.781461 0.000517669
          20        0.95    -0.77888   -0.781332 0.000507782
           1       0.875   -0.816544   -0.816544           0
           2       0.875   -0.815288   -0.815916    0.000628
           3       0.875   -0.814312   -0.815381 0.000646011
           4       0.875     -0.8116   -0.814436  0.00104991
           5       0.875   -0.816648   -0.814878 0.000925802
           6       0.875   -0.814728   -0.814853  0.00075633
           7       0.875   -0.814184   -0.814758 0.000646328
           8       0.875   -0.817064   -0.815046 0.000629613
           9       0.875   -0.811816   -0.814687 0.000661152
          10       0.875   -0.815928   -0.814811 0.000604232
          11       0.875   -0.814368   -0.814771 0.000548031
          12       0.875   -0.812904   -0.814615 0.000523914
          13       0.875   -0.815512   -0.814684 0.000486842
          14       0.875   -0.820032   -0.815066 0.000590815
          15       0.875   -0.813504   -0.814962 0.000559793
          16       0.875    -0.81604   -0.815029 0.000527954
          17       0.875   -0.814864    -0.81502 0.000496022
          18       0.875   -0.820024   -0.815298 0.000544051
          19       0.875   -0.815016   -0.815283 0.000514835
          20       0.875   -0.820752   -0.815556 0.000559755
           1         0.8     -0.8492     -0.8492           0
           2         0.8   -0.851832   -0.850516    0.001316
           3         0.8   -0.842904   -0.847979  0.00264865
           4         0.8   -0.852712   -0.849162  0.00221539
           5         0.8   -0.851128   -0.849555   0.0017605
           6         0.8    -0.84964   -0.849569  0.00143752
           7         0.8   -0.851936   -0.849907  0.00126109
           8         0.8   -0.847296   -0.849581  0.00113987
           9         0.8   -0.851016    -0.84974  0.00101784
          10         0.8    -0.85004    -0.84977 0.000910877
          11         0.8   -0.849768    -0.84977  0.00082392
          12         0.8   -0.852488   -0.849997 0.000785492
          13         0.8   -0.847408   -0.849798 0.000749485
          14         0.8   -0.847784   -0.849654 0.000708637
          15         0.8   -0.848248    -0.84956 0.000666328
          16         0.8    -0.84256   -0.849123 0.000761512
          17         0.8     -0.8468   -0.848986 0.000728245
          18         0.8   -0.849424    -0.84901 0.000687027
          19         0.8     -0.8464   -0.848873 0.000664225
          20         0.8   -0.852376   -0.849048  0.00065403
           1       0.725     -0.8788     -0.8788           0
           2       0.725   -0.876864   -0.877832    0.000968
           3       0.725   -0.884808   -0.880157  0.00239155
           4       0.725   -0.882392   -0.880716  0.00178097
           5       0.725   -0.882592   -0.881091  0.00142965
           6       0.725   -0.876496   -0.880325  0.00139612
           7       0.725      -0.881   -0.880422  0.00118387
           8       0.725   -0.876776   -0.879966  0.00112198
           9       0.725   -0.880864   -0.880066 0.000994507
          10       0.725    -0.87928   -0.879987 0.000892978
          11       0.725   -0.878688   -0.879869 0.000816319
          12       0.725     -0.8774   -0.879663 0.000773078
          13       0.725   -0.878896   -0.879604 0.000713574
          14       0.725    -0.88212   -0.879784 0.000684643
          15       0.725   -0.878632   -0.879707 0.000641978
          16       0.725   -0.886576   -0.880136 0.000738185
          17       0.725   -0.880824   -0.880177 0.000694583
          18       0.725   -0.876232   -0.879958  0.00069056
          19       0.725   -0.881568   -0.880043 0.000658679
          20       0.725    -0.88264   -0.880172 0.000638231
           1        0.65   -0.915032   -0.915032           0
           2        0.65    -0.90996   -0.912496    0.002536
           3        0.65   -0.915712   -0.913568  0.00181465
           4        0.65   -0.912144   -0.913212  0.00133162
           5        0.65   -0.915568   -0.913683    0.001134
           6        0.65   -0.917904   -0.914387  0.00116283
           7        0.65   -0.912408   -0.914104  0.00102261
           8        0.65   -0.918992   -0.914715  0.00107593
           9        0.65   -0.913232    -0.91455 0.000963081
          10        0.65   -0.913232   -0.914418 0.000871434
          11        0.65   -0.914832   -0.914456 0.000789138
          12        0.65    -0.91704   -0.914671 0.000751876
          13        0.65   -0.913432   -0.914576 0.000698165
          14        0.65   -0.911432   -0.914351 0.000684275
          15        0.65   -0.916016   -0.914462 0.000646619
          16        0.65   -0.911416   -0.914272 0.000634117
          17        0.65    -0.91456   -0.914289  0.00059589
          18        0.65     -0.9136   -0.914251 0.000563113
          19        0.65    -0.91844   -0.914471 0.000576484
          20        0.65    -0.90928   -0.914212 0.000605368
           1       0.575   -0.944696   -0.944696           0
           2       0.575   -0.949376   -0.947036     0.00234
           3       0.575   -0.937056   -0.943709  0.00359053
           4       0.575    -0.93848   -0.942402  0.00285571
           5       0.575   -0.947592    -0.94344  0.00244346
           6       0.575   -0.944456   -0.943609  0.00200225
           7       0.575     -0.9412   -0.943265  0.00172686
           8       0.575    -0.94832   -0.943897  0.00162351
           9       0.575   -0.944584   -0.943973  0.00143383
          10       0.575   -0.942672   -0.943843  0.00128904
          11       0.575   -0.954712   -0.944831  0.00152833
          12       0.575   -0.938248   -0.944283  0.00149916
          13       0.575   -0.941712   -0.944085  0.00139313
          14       0.575    -0.93892   -0.943716  0.00134151
          15       0.575   -0.956864   -0.944593  0.00152578
          16       0.575   -0.949288   -0.944886   0.0014571
          17       0.575    -0.94624   -0.944966  0.00137102
          18       0.575   -0.951624   -0.945336   0.0013445
          19       0.575   -0.938624   -0.944982  0.00131991
          20       0.575   -0.952912   -0.945379  0.00131345
           1         0.5   -0.963504   -0.963504           0
           2         0.5   -0.976936    -0.97022    0.006716
           3         0.5     -0.9748   -0.971747   0.0041672
           4         0.5   -0.974008   -0.972312   0.0030004
           5         0.5   -0.970504    -0.97195  0.00235206
           6         0.5   -0.976744   -0.972749  0.00208001
           7         0.5   -0.970696   -0.972456  0.00178223
           8         0.5   -0.973096   -0.972536  0.00154553
           9         0.5    -0.96788   -0.972019   0.0014579
          10         0.5   -0.978848   -0.972702    0.001472
          11         0.5    -0.97148   -0.972591   0.0013361
          12         0.5   -0.969616   -0.972343  0.00124462
          13         0.5   -0.972344   -0.972343  0.00114488
          14         0.5   -0.971736   -0.972299  0.00106084
          15         0.5   -0.977992   -0.972679    0.001058
          16         0.5   -0.980536    -0.97317   0.0011048
          17         0.5   -0.977344   -0.973416  0.00106643
          18         0.5   -0.971584   -0.973314  0.00101057
          19         0.5   -0.972752   -0.973284 0.000956364
          20         0.5    -0.97672   -0.973456 0.000923407
