           1           2    0.030712    0.030712           0
           2           2    0.024936    0.027824    0.002888
           3           2    0.025388    0.027012   0.0018546
           4           2    0.029652    0.027672  0.00146812
           5           2    0.019408   0.0260192  0.00200623
           6           2    0.014768    0.024144  0.00248992
           7           2    0.029248   0.0248731   0.0022271
           8           2    0.032328    0.025805  0.00214204
           9           2     0.03924   0.0272978  0.00240772
          10           2    0.030288   0.0275968  0.00217419
          11           2    0.042052   0.0289109  0.00236527
          12           2    0.027244    0.028772  0.00216365
          13           2    0.035508   0.0292902  0.00205661
          14           2    0.030136   0.0293506  0.00190501
          15           2    0.017184   0.0285395  0.00195015
          16           2    0.033256   0.0288342  0.00184786
          17           2    0.031044   0.0289642  0.00174063
          18           2    0.033728   0.0292289  0.00166228
          19           2     0.02006   0.0287463  0.00164475
          20           2    0.024924   0.0285552    0.001572
           1       1.925    0.023368    0.023368           0
           2       1.925     0.02968    0.026524    0.003156
           3       1.925    0.026972   0.0266733  0.00182823
           4       1.925    0.033756    0.028444  0.00219237
           5       1.925    0.024588   0.0276728  0.00186511
           6       1.925    0.032292   0.0284427  0.00170639
           7       1.925    0.034272   0.0292754  0.00166533
           8       1.925    0.030816    0.029468  0.00145502
           9       1.925    0.032044   0.0297542  0.00131474
          10       1.925    0.021408   0.0289196  0.00144202
          11       1.925    0.031424   0.0291473  0.00132408
          12       1.925    0.027344    0.028997  0.00121802
          13       1.925    0.031444   0.0291852  0.00113612
          14       1.925    0.029408   0.0292011  0.00105196
          15       1.925    0.029568   0.0292256 0.000979627
          16       1.925      0.0217   0.0287552  0.00103002
          17       1.925    0.027188   0.0286631 0.000971916
          18       1.925    0.032024   0.0288498 0.000935162
          19       1.925    0.026412   0.0287215 0.000893831
          20       1.925     0.02924   0.0287474 0.000848359
           1        1.85    0.028636    0.028636           0
           2        1.85    0.035476    0.032056     0.00342
           3        1.85    0.029516   0.0312093  0.00214841
           4        1.85    0.021708    0.028834  0.00281958
           5        1.85     0.03212   0.0294912  0.00228077
           6        1.85      0.0281   0.0292593  0.00187662
           7        1.85    0.030536   0.0294417  0.00159649
           8        1.85    0.033472   0.0299455  0.00147152
           9        1.85    0.032872   0.0302707  0.00133788
          10        1.85    0.024452   0.0296888   0.0013306
          11        1.85    0.026724   0.0294193  0.00123339
          12        1.85    0.025608   0.0291017  0.00116986
          13        1.85       0.032   0.0293246  0.00109897
          14        1.85    0.030808   0.0294306  0.00102295
          15        1.85    0.029968   0.0294664 0.000952987
          16        1.85    0.030628    0.029539 0.000894389
          17        1.85      0.0424   0.0302955  0.00113056
          18        1.85    0.028104   0.0301738  0.00107283
          19        1.85    0.037176   0.0305423  0.00107964
          20        1.85    0.026888   0.0303596  0.00104041
           1       1.775    0.044984    0.044984           0
           2       1.775    0.039204    0.042094     0.00289
           3       1.775    0.036664    0.040284  0.00246173
           4       1.775    0.039632    0.040121  0.00174832
           5       1.775    0.049896    0.042076  0.00237824
           6       1.775    0.044308    0.042448  0.00197713
           7       1.775    0.034104    0.041256  0.00205257
           8       1.775    0.032028   0.0401025  0.00211904
           9       1.775    0.034788    0.039512  0.00195989
          10       1.775    0.022484   0.0378092  0.00244386
          11       1.775    0.038292   0.0378531  0.00221099
          12       1.775     0.03172    0.037342  0.00208206
          13       1.775    0.028428   0.0366563  0.00203426
          14       1.775     0.03322   0.0364109  0.00189929
          15       1.775    0.026732   0.0357656   0.0018822
          16       1.775    0.037368   0.0358658  0.00176348
          17       1.775    0.036584    0.035908  0.00165704
          18       1.775    0.039844   0.0361267   0.0015775
          19       1.775    0.028128   0.0357057  0.00155042
          20       1.775     0.02528   0.0351844   0.0015605
           1         1.7    0.032652    0.032652           0
           2         1.7    0.037508     0.03508    0.002428
           3         1.7    0.037508   0.0358893  0.00161867
           4         1.7    0.042852     0.03763  0.00208326
           5         1.7    0.025872   0.0352784  0.00285202
           6         1.7     0.03076   0.0345253   0.0024474
           7         1.7    0.026052   0.0333149  0.00239659
           8         1.7      0.0447    0.034738  0.00251656
           9         1.7    0.042928    0.035648  0.00239871
          10         1.7    0.045544   0.0366376   0.0023627
          11         1.7    0.039608   0.0369076  0.00215414
          12         1.7    0.035528   0.0367927  0.00196981
          13         1.7     0.03746    0.036844  0.00181269
          14         1.7    0.032116   0.0365063  0.00171187
          15         1.7    0.030652    0.036116  0.00164075
          16         1.7    0.038212    0.036247  0.00154037
          17         1.7    0.032552   0.0360296  0.00146316
          18         1.7    0.046972   0.0366376  0.00150748
          19         1.7    0.032844   0.0364379  0.00143985
          20         1.7    0.031112   0.0361716  0.00139167
           1       1.625      0.0372      0.0372           0
           2       1.625    0.052588    0.044894    0.007694
           3       1.625    0.040452   0.0434133  0.00468241
           4       1.625    0.050628    0.045217  0.00377037
           5       1.625    0.044956   0.0451648  0.00292098
           6       1.625    0.052536   0.0463933  0.00268279
           7       1.625    0.046012   0.0463389  0.00226803
           8       1.625    0.043836    0.046026  0.00198893
           9       1.625    0.043024   0.0456924   0.0017855
          10       1.625    0.054144   0.0465376  0.00180685
          11       1.625    0.052436   0.0470738  0.00172007
          12       1.625    0.046012   0.0469853   0.0015727
          13       1.625    0.050356   0.0472446  0.00146972
          14       1.625    0.054448   0.0477591  0.00145473
          15       1.625    0.056064   0.0483128  0.00146308
          16       1.625    0.043696   0.0480242  0.00139868
          17       1.625    0.041136   0.0476191  0.00137489
          18       1.625     0.04906   0.0476991  0.00129873
          19       1.625    0.051768   0.0479133    0.001247
          20       1.625    0.048436   0.0479394   0.0011833
           1        1.55     0.03998     0.03998           0
           2        1.55    0.047216    0.043598    0.003618
           3        1.55    0.038812   0.0420027  0.00262838
           4        1.55     0.04762    0.043407  0.00232945
           5        1.55    0.056616   0.0460488  0.00319921
           6        1.55    0.053216   0.0472433  0.00287231
           7        1.55     0.03828   0.0459629  0.00274456
           8        1.55    0.047324    0.046133  0.00238294
           9        1.55    0.051936   0.0467778  0.00219824
          10        1.55    0.042988   0.0463988  0.00200236
          11        1.55    0.057244   0.0473847  0.00206216
          12        1.55    0.051916   0.0477623  0.00191999
          13        1.55    0.042788   0.0473797   0.0018071
          14        1.55    0.044604   0.0471814  0.00168476
          15        1.55    0.052936   0.0475651  0.00161466
          16        1.55    0.037932    0.046963  0.00162596
          17        1.55    0.072956    0.048492  0.00216114
          18        1.55    0.046016   0.0483544  0.00204218
          19        1.55     0.05144   0.0485168  0.00193853
          20        1.55    0.055136   0.0488478  0.00186859
           1       1.475    0.045436    0.045436           0
           2       1.475    0.050876    0.048156     0.00272
           3       1.475    0.040316   0.0455427  0.00304888
           4       1.475    0.042208    0.044709  0.00231145
           5       1.475     0.04884   0.0455352  0.00197188
           6       1.475    0.053472    0.046858  0.00208375
           7       1.475     0.06406   0.0493154  0.00302331
           8       1.475    0.069364   0.0518215  0.00362432
           9       1.475    0.060112   0.0527427  0.00332644
          10       1.475    0.044856    0.051954  0.00307801
          11       1.475     0.05408   0.0521473  0.00279087
          12       1.475    0.063932   0.0531293  0.00273042
          13       1.475    0.043624   0.0523982  0.00261589
          14       1.475    0.055572   0.0526249  0.00243243
          15       1.475    0.050532   0.0524853  0.00226876
          16       1.475    0.056484   0.0527352   0.0021369
          17       1.475     0.05022   0.0525873  0.00201271
          18       1.475     0.05894   0.0529402  0.00193015
          19       1.475    0.025632   0.0515029  0.00232359
          20       1.475    0.047792   0.0513174  0.00221215
           1         1.4    0.072328    0.072328           0
           2         1.4     0.05264    0.062484    0.009844
           3         1.4     0.04962    0.058196  0.00711958
           4         1.4    0.050788    0.056344  0.00536415
           5         1.4    0.069316   0.0589384  0.00489851
           6         1.4    0.053404    0.058016   0.0041046
           7         1.4     0.05134   0.0570623  0.00359773
           8         1.4     0.06966    0.058637  0.00349106
           9         1.4    0.063184   0.0591422     0.00312
          10         1.4    0.050496   0.0582776  0.00292149
          11         1.4    0.063504   0.0587527  0.00268496
          12         1.4    0.067692   0.0594977  0.00256173
          13         1.4    0.067948   0.0601477  0.00244446
          14         1.4    0.050932   0.0594894  0.00235692
          15         1.4    0.068864   0.0601144  0.00228144
          16         1.4    0.050836   0.0595345  0.00221148
          17         1.4    0.053096   0.0591558  0.00211156
          18         1.4    0.054816   0.0589147  0.00200535
          19         1.4    0.065584   0.0592657  0.00192907
          20         1.4    0.071768   0.0598908   0.0019339
           1       1.325    0.070764    0.070764           0
           2       1.325    0.081212    0.075988    0.005224
           3       1.325    0.074552   0.0755093  0.00305382
           4       1.325    0.053624    0.070038  0.00588204
           5       1.325    0.077476   0.0715256  0.00479291
           6       1.325    0.067604    0.070872   0.0039676
           7       1.325     0.05548   0.0686731  0.00400988
           8       1.325    0.059356   0.0675085  0.00366275
           9       1.325     0.09156   0.0701809  0.00419239
          10       1.325     0.07982   0.0711448   0.0038717
          11       1.325    0.078004   0.0717684  0.00355716
          12       1.325    0.073756    0.071934  0.00325145
          13       1.325    0.058444   0.0708963   0.0031658
          14       1.325     0.08272   0.0717409  0.00305021
          15       1.325    0.079712   0.0722723  0.00288889
          16       1.325    0.068572    0.072041  0.00271219
          17       1.325    0.076244   0.0722882  0.00255963
          18       1.325    0.056624    0.071418  0.00256535
          19       1.325    0.082504   0.0720015  0.00249574
          20       1.325    0.075856   0.0721942   0.0023755
           1        1.25    0.081644    0.081644           0
           2        1.25    0.067892    0.074768    0.006876
           3        1.25    0.094256    0.081264    0.007613
           4        1.25    0.083316    0.081777  0.00540759
           5        1.25    0.092876   0.0839968  0.00474054
           6        1.25     0.07304   0.0821707  0.00427979
           7        1.25    0.060184   0.0790297   0.0047905
           8        1.25    0.067296    0.077563  0.00440033
           9        1.25    0.092764    0.079252  0.00423235
          10        1.25    0.080924   0.0794192  0.00378922
          11        1.25    0.075956   0.0791044   0.0034419
          12        1.25    0.083372     0.07946  0.00316208
          13        1.25      0.0858   0.0799477  0.00294929
          14        1.25    0.091248   0.0807549  0.00284732
          15        1.25    0.075376   0.0803963  0.00267485
          16        1.25     0.08958   0.0809703  0.00256709
          17        1.25    0.061372   0.0798174  0.00267277
          18        1.25     0.09618   0.0807264  0.00267886
          19        1.25    0.078448   0.0806065  0.00253678
          20        1.25    0.062824   0.0797174   0.0025656
           1       1.175    0.072616    0.072616           0
           2       1.175     0.08562    0.079118    0.006502
           3       1.175    0.095164   0.0844667  0.00653454
           4       1.175    0.078224    0.082906  0.00487707
           5       1.175     0.08492   0.0833088  0.00379917
           6       1.175    0.097252   0.0856327  0.00387593
           7       1.175    0.106624   0.0886314  0.00444108
           8       1.175    0.100724    0.090143  0.00413246
           9       1.175    0.109388   0.0922813  0.00422549
          10       1.175    0.096344   0.0926876  0.00380117
          11       1.175    0.119232   0.0951007  0.00420059
          12       1.175     0.09138   0.0947907  0.00384711
          13       1.175    0.079576   0.0936203  0.00372734
          14       1.175    0.083636   0.0929071  0.00352377
          15       1.175    0.095116   0.0930544  0.00328375
          16       1.175    0.126296    0.095132  0.00370831
          17       1.175    0.105612   0.0957485  0.00353748
          18       1.175    0.106212   0.0963298  0.00338545
          19       1.175    0.101076   0.0965796  0.00321204
          20       1.175    0.065656   0.0950334  0.00341704
           1         1.1    0.112492    0.112492           0
           2         1.1    0.107468     0.10998    0.002512
           3         1.1    0.096684    0.105548  0.00466326
           4         1.1    0.097796     0.10361  0.00382477
           5         1.1      0.0909    0.101068  0.00390373
           6         1.1    0.140936    0.107713   0.0073696
           7         1.1    0.100308    0.106655  0.00631764
           8         1.1     0.12146    0.108506  0.00577575
           9         1.1    0.134968    0.111446  0.00588144
          10         1.1    0.083324    0.108634  0.00596502
          11         1.1    0.126008    0.110213    0.005622
          12         1.1    0.053804    0.105512  0.00695961
          13         1.1    0.118224     0.10649  0.00647615
          14         1.1    0.112052    0.106887   0.0060089
          15         1.1    0.133452    0.108658  0.00586762
          16         1.1    0.132404    0.110142  0.00568576
          17         1.1     0.11498    0.110427  0.00534842
          18         1.1     0.11602    0.110738   0.0050521
          19         1.1    0.109124    0.110653  0.00477957
          20         1.1    0.132384    0.111739  0.00466266
           1       1.025    0.146536    0.146536           0
           2       1.025    0.140988    0.143762    0.002774
           3       1.025    0.115276    0.134267  0.00962945
           4       1.025    0.086884    0.122421   0.0136632
           5       1.025    0.111076    0.120152    0.010824
           6       1.025    0.143972    0.124122  0.00968846
           7       1.025    0.158296    0.129004  0.00953317
           8       1.025    0.115708    0.127342  0.00842159
           9       1.025    0.144988    0.129303  0.00768158
          10       1.025    0.127932    0.129166  0.00687198
          11       1.025    0.127628    0.129026  0.00621752
          12       1.025     0.12854    0.128985  0.00567593
          13       1.025     0.11496    0.127906   0.0053314
          14       1.025     0.12228    0.127505  0.00495225
          15       1.025    0.126036    0.127407  0.00461134
          16       1.025    0.130152    0.127578  0.00431692
          17       1.025    0.175856    0.130418  0.00495058
          18       1.025    0.143916    0.131168   0.0047273
          19       1.025    0.103248    0.129699  0.00470685
          20       1.025    0.160704    0.131249  0.00472676
           1        0.95    0.108528    0.108528           0
           2        0.95    0.210832     0.15968    0.051152
           3        0.95    0.195824    0.171728   0.0318956
           4        0.95    0.171564    0.171687   0.0225536
           5        0.95     0.18556    0.174462   0.0176889
           6        0.95    0.176384    0.174782   0.0144465
           7        0.95    0.153912    0.171801   0.0125683
           8        0.95     0.18104    0.172956   0.0109455
           9        0.95    0.130752    0.168266   0.0107318
          10        0.95    0.177608      0.1692  0.00964414
          11        0.95    0.159856    0.168351  0.00876472
          12        0.95    0.159452    0.167609  0.00803535
          13        0.95      0.1852    0.168962  0.00751428
          14        0.95    0.216232    0.172339  0.00773293
          15        0.95      0.1816    0.172956  0.00722539
          16        0.95     0.17212    0.172904  0.00675893
          17        0.95    0.143304    0.171163  0.00658334
          18        0.95    0.130532    0.168906  0.00660455
          19        0.95     0.17014    0.168971  0.00624762
          20        0.95    0.170372    0.169041  0.00592742
           1       0.875    0.225312    0.225312           0
           2       0.875     0.24276    0.234036    0.008724
           3       0.875     0.21922    0.229097  0.00705406
           4       0.875    0.232096    0.229847    0.005044
           5       0.875    0.177428    0.219363   0.0111882
           6       0.875    0.183256    0.213345   0.0109391
           7       0.875    0.178016    0.208298   0.0105332
           8       0.875    0.171068    0.203645   0.0102405
           9       0.875     0.23272    0.206875  0.00959172
          10       0.875     0.17802     0.20399  0.00905136
          11       0.875    0.151012    0.199173  0.00949876
          12       0.875     0.20266    0.199464  0.00867601
          13       0.875    0.222928    0.201269  0.00818233
          14       0.875    0.231456    0.203425  0.00787625
          15       0.875    0.186892    0.202323  0.00741477
          16       0.875    0.217592    0.203277  0.00700123
          17       0.875    0.247336    0.205869  0.00706876
          18       0.875    0.212548     0.20624  0.00667481
          19       0.875     0.25786    0.208957  0.00687347
          20       0.875      0.2523    0.211124  0.00687144
           1         0.8    0.291804    0.291804           0
           2         0.8    0.348076     0.31994    0.028136
           3         0.8     0.25624    0.298707   0.0267345
           4         0.8    0.292756    0.297219   0.0189626
           5         0.8    0.253012    0.288378    0.017144
           6         0.8    0.319776    0.293611   0.0149442
           7         0.8    0.355908     0.30251   0.0154507
           8         0.8    0.309028    0.303325   0.0134055
           9         0.8    0.307068    0.303741   0.0118299
          10         0.8     0.33868    0.307235   0.0111429
          11         0.8    0.266532    0.303535   0.0107369
          12         0.8     0.32692    0.305483  0.00999324
          13         0.8    0.285632    0.303956  0.00931841
          14         0.8    0.275752    0.301942  0.00885927
          15         0.8     0.33986     0.30447  0.00862624
          16         0.8    0.337696    0.306546  0.00833204
          17         0.8    0.339708    0.308497  0.00806602
          18         0.8    0.312036    0.308694  0.00760726
          19         0.8    0.291056    0.307765  0.00725538
          20         0.8    0.313944    0.308074  0.00688999
           1       0.725     0.49888     0.49888           0
           2       0.725    0.409408    0.454144    0.044736
           3       0.725     0.44868    0.452323   0.0258925
           4       0.725     0.38976    0.436682   0.0240799
           5       0.725    0.425232    0.434392   0.0187922
           6       0.725     0.43334    0.434217   0.0153448
           7       0.725    0.434516    0.434259   0.0129688
           8       0.725    0.406796    0.430827   0.0117442
           9       0.725    0.423344    0.429995   0.0103908
          10       0.725     0.48926    0.435922   0.0110226
          11       0.725    0.376388    0.430509   0.0113445
          12       0.725    0.433708    0.430776   0.0103595
          13       0.725    0.386052    0.427336   0.0101314
          14       0.725     0.34286    0.421302    0.011153
          15       0.725     0.43346    0.422112   0.0104145
          16       0.725    0.426064    0.422359    0.009745
          17       0.725    0.373656    0.419494  0.00959168
          18       0.725    0.309244    0.413369   0.0109222
          19       0.725    0.406116    0.412988   0.0103384
          20       0.725    0.373692    0.411023   0.0100027
           1        0.65    0.449096    0.449096           0
           2        0.65     0.43976    0.444428    0.004668
           3        0.65    0.580976    0.489944   0.0455957
           4        0.65    0.597452    0.516821   0.0419745
           5        0.65     0.67264    0.547985   0.0450366
           6        0.65    0.322888    0.510469   0.0525325
           7        0.65    0.491964    0.507825   0.0444767
           8        0.65    0.525176    0.509994   0.0385789
           9        0.65     0.53458    0.512726   0.0341329
          10        0.65    0.577484    0.519202   0.0312087
          11        0.65    0.466464    0.514407   0.0286335
          12        0.65     0.68698    0.528788   0.0298337
          13        0.65     0.56148    0.531303    0.027558
          14        0.65     0.53468    0.531544   0.0255148
          15        0.65      0.6529    0.539635    0.025093
          16        0.65    0.454616    0.534321   0.0240663
          17        0.65     0.46328    0.530142   0.0229894
          18        0.65    0.599572    0.533999   0.0220151
          19        0.65    0.579692    0.536404   0.0209626
          20        0.65    0.478688    0.533518   0.0200952
           1       0.575    0.687284    0.687284           0
           2       0.575    0.809428    0.748356    0.061072
           3       0.575      0.6052    0.700637   0.0593324
           4       0.575      0.6866    0.697128   0.0421009
           5       0.575    0.700448    0.697792   0.0326179
           6       0.575    0.604152    0.682185   0.0308683
           7       0.575     0.69102    0.683447    0.026119
           8       0.575    0.854568    0.704838   0.0311318
           9       0.575     0.75444    0.710349   0.0280034
          10       0.575    0.752948    0.714609   0.0254066
          11       0.575    0.880588    0.729698    0.027492
          12       0.575    0.411284    0.703163   0.0365229
          13       0.575     0.77936    0.709025   0.0341036
          14       0.575    0.734388    0.710836   0.0316258
          15       0.575    0.720852    0.711504   0.0294496
          16       0.575    0.717216    0.711861   0.0275499
          17       0.575    0.776516    0.715664   0.0261566
          18       0.575    0.763936    0.718346    0.024806
          19       0.575    0.771908    0.721165   0.0236329
          20       0.575    0.780976    0.724156   0.0226187
           1         0.5    0.752512    0.752512           0
           2         0.5    0.945672    0.849092     0.09658
           3         0.5    0.894784    0.864323   0.0578032
           4         0.5    0.842632      0.8589   0.0412312
           5         0.5     0.89102    0.865324   0.0325772
           6         0.5    0.944732    0.878559   0.0297098
           7         0.5    0.886576    0.879704   0.0251355
           8         0.5    0.826016    0.872993    0.022779
           9         0.5    0.966684    0.883403   0.0226262
          10         0.5    0.950052    0.890068   0.0213067
          11         0.5    0.875184    0.888715   0.0193201
          12         0.5    0.812788    0.882388   0.0187374
          13         0.5    0.948856    0.887501   0.0179783
          14         0.5    0.922796    0.890022   0.0168345
          15         0.5     0.93196    0.892818   0.0159195
          16         0.5    0.953396    0.896604   0.0153651
          17         0.5     0.91746    0.897831    0.014485
          18         0.5    0.844764    0.894882   0.0139712
          19         0.5     0.93216    0.896844   0.0133603
          20         0.5    0.844316    0.894218    0.012944
