           1           2     1.37821     1.37821           0
           2           2     1.37326     1.37574    0.002472
           3           2     1.36194     1.37114  0.00481632
           4           2     1.30759     1.35525    0.016247
           5           2      1.3409     1.35238   0.0129079
           6           2     1.36636     1.35471   0.0107938
           7           2     1.35197     1.35432  0.00913081
           8           2     1.37884     1.35738  0.00848064
           9           2     1.34772     1.35631  0.00755583
          10           2     1.36238     1.35692  0.00678535
          11           2     1.32891     1.35437  0.00664465
          12           2     1.31354     1.35097  0.00695504
          13           2     1.33979     1.35011  0.00645521
          14           2     1.36635     1.35127   0.0060879
          15           2     1.44014     1.35719  0.00819921
          16           2     1.34813     1.35663  0.00769056
          17           2     1.36811      1.3573  0.00725552
          18           2     1.34207     1.35646  0.00689273
          19           2     1.34392      1.3558  0.00655317
          20           2     1.31783      1.3539  0.00650027
           1       1.925     1.47601     1.47601           0
           2       1.925     1.42295     1.44948   0.0265309
           3       1.925     1.50827     1.46908   0.0248714
           4       1.925     1.45985     1.46677   0.0177375
           5       1.925     1.48623     1.47066   0.0142799
           6       1.925     1.42974     1.46384   0.0135083
           7       1.925     1.50875     1.47026   0.0130957
           8       1.925     1.48614     1.47224   0.0115137
           9       1.925     1.41108     1.46545   0.0122187
          10       1.925     1.47034     1.46594   0.0109397
          11       1.925     1.47064     1.46636  0.00990458
          12       1.925      1.4599     1.46582  0.00905762
          13       1.925     1.47212     1.46631  0.00834584
          14       1.925     1.49019     1.46801   0.0079128
          15       1.925     1.41564     1.46452  0.00815208
          16       1.925     1.45786     1.46411  0.00763694
          17       1.925      1.4945     1.46589  0.00739303
          18       1.925     1.46929     1.46608  0.00697276
          19       1.925     1.47037     1.46631  0.00659943
          20       1.925     1.47973     1.46698  0.00629665
           1        1.85     1.58165     1.58165           0
           2        1.85     1.60957     1.59561   0.0139589
           3        1.85     1.50329     1.56484   0.0318125
           4        1.85     1.56678     1.56532   0.0225001
           5        1.85     1.55489     1.56324    0.017553
           6        1.85     1.61925     1.57257   0.0171045
           7        1.85     1.66157     1.58529   0.0192519
           8        1.85     1.60222      1.5874   0.0168064
           9        1.85     1.57547     1.58608   0.0148811
          10        1.85     1.57439     1.58491   0.0133613
          11        1.85     1.59727     1.58603   0.0121379
          12        1.85     1.60825     1.58788   0.0112339
          13        1.85     1.56151     1.58585    0.010531
          14        1.85     1.60071     1.58692  0.00980738
          15        1.85     1.58288     1.58665  0.00913413
          16        1.85     1.57053     1.58564  0.00860334
          17        1.85      1.6639     1.59024  0.00930067
          18        1.85     1.59859     1.59071    0.008781
          19        1.85     1.59365     1.59086  0.00830743
          20        1.85     1.58362      1.5905  0.00788944
           1       1.775     1.73666     1.73666           0
           2       1.775     1.75143     1.74405  0.00738479
           3       1.775     1.74076     1.74295  0.00440184
           4       1.775      1.7094     1.73457  0.00894616
           5       1.775      1.7413     1.73591  0.00705918
           6       1.775     1.73095     1.73509  0.00582277
           7       1.775     1.72965     1.73431  0.00498202
           8       1.775     1.76099     1.73764   0.0054531
           9       1.775     1.74586     1.73856  0.00489501
          10       1.775     1.80796      1.7455  0.00820631
          11       1.775     1.74738     1.74567  0.00742487
          12       1.775      1.7999     1.75019  0.00814628
          13       1.775     1.74583     1.74985  0.00750097
          14       1.775     1.73005     1.74844  0.00708719
          15       1.775     1.66883     1.74313  0.00846736
          16       1.775     1.73157     1.74241  0.00795341
          17       1.775     1.74733      1.7427  0.00747653
          18       1.775     1.75905     1.74361  0.00710727
          19       1.775     1.73559     1.74318  0.00673603
          20       1.775     1.68114     1.74008  0.00710353
           1         1.7     1.87584     1.87584           0
           2         1.7     1.96176      1.9188   0.0429576
           3         1.7     1.89077     1.90946   0.0265038
           4         1.7     1.81783     1.88655   0.0295963
           5         1.7     1.91587     1.89241   0.0236632
           6         1.7     1.97024     1.90539   0.0232711
           7         1.7     1.92511      1.9082   0.0198684
           8         1.7     1.88155     1.90487    0.017526
           9         1.7     1.90084     1.90442    0.015463
          10         1.7     1.83508     1.89749   0.0154716
          11         1.7     1.91007     1.89863   0.0140413
          12         1.7     1.85704     1.89517   0.0132783
          13         1.7     1.87534     1.89364   0.0123091
          14         1.7     1.98384     1.90008   0.0130913
          15         1.7     1.89045     1.89944   0.0122043
          16         1.7     1.86396     1.89722   0.0116295
          17         1.7     1.84072      1.8939   0.0114184
          18         1.7     1.88706     1.89352    0.010772
          19         1.7     1.93165     1.89553   0.0103851
          20         1.7     1.90008     1.89576  0.00985479
           1       1.625      2.0484      2.0484           0
           2       1.625     2.20364     2.12602   0.0776222
           3       1.625     2.13171     2.12792   0.0448552
           4       1.625     2.16839     2.13804   0.0332926
           5       1.625     2.13069     2.13657   0.0258301
           6       1.625     2.07354     2.12606   0.0235614
           7       1.625     2.19243     2.13554   0.0220551
           8       1.625     2.17368     2.14031    0.019686
           9       1.625     2.13399     2.13961   0.0173756
          10       1.625     2.11241     2.13689   0.0157775
          11       1.625     2.10584     2.13407   0.0145478
          12       1.625     2.11342     2.13235   0.0133912
          13       1.625     2.14833     2.13357   0.0123794
          14       1.625     1.99318     2.12355   0.0152291
          15       1.625     2.02631     2.11706   0.0155891
          16       1.625      2.0654     2.11384   0.0149355
          17       1.625     2.06321     2.11086    0.014342
          18       1.625      2.0635     2.10823   0.0137753
          19       1.625     2.03226     2.10423   0.0136298
          20       1.625     2.04589     2.10131   0.0132552
           1        1.55     2.25388     2.25388           0
           2        1.55     2.39501     2.32445   0.0705626
           3        1.55     2.27089     2.30659   0.0444798
           4        1.55     2.35875     2.31963   0.0340478
           5        1.55     2.31814     2.31933    0.026375
           6        1.55     2.35484     2.32525   0.0223333
           7        1.55     2.36365     2.33074    0.019656
           8        1.55     2.18997     2.31314   0.0244822
           9        1.55     2.32325     2.31426   0.0216204
          10        1.55      2.2969     2.31253   0.0194157
          11        1.55     2.32014     2.31322   0.0175757
          12        1.55      2.2734      2.3099    0.016384
          13        1.55     2.34751     2.31279   0.0153462
          14        1.55     2.31453     2.31292   0.0142084
          15        1.55     2.32068     2.31344   0.0132374
          16        1.55     2.22752     2.30807   0.0134966
          17        1.55     2.39017      2.3129   0.0135667
          18        1.55     2.36993     2.31606   0.0131774
          19        1.55     2.31126     2.31581   0.0124671
          20        1.55     2.32419     2.31623   0.0118347
           1       1.475     2.57258     2.57258           0
           2       1.475     2.67803      2.6253   0.0527268
           3       1.475     2.57026     2.60696   0.0355444
           4       1.475     2.65358     2.61861   0.0277046
           5       1.475     2.46771     2.58843   0.0370319
           6       1.475     2.67459     2.60279   0.0334733
           7       1.475     2.55438     2.59587   0.0291231
           8       1.475     2.66536     2.60456   0.0266749
           9       1.475     2.64042     2.60854   0.0238601
          10       1.475     2.69737     2.61743   0.0231158
          11       1.475     2.58543     2.61452   0.0211104
          12       1.475     2.53182     2.60763   0.0204663
          13       1.475     2.62128     2.60868   0.0188555
          14       1.475     2.59266     2.60753   0.0174942
          15       1.475     2.66015     2.61104   0.0166597
          16       1.475     2.70027     2.61662   0.0165515
          17       1.475     2.56587     2.61363   0.0158314
          18       1.475      2.4323     2.60356   0.0180076
          19       1.475     2.62054     2.60445   0.0170569
          20       1.475     2.74652     2.61155    0.017672
           1         1.4     2.97924     2.97924           0
           2         1.4     2.87685     2.92805   0.0511943
           3         1.4     2.88543     2.91384   0.0327936
           4         1.4      3.2036     2.98628   0.0760609
           5         1.4     2.91868     2.97276   0.0604479
           6         1.4     2.96958     2.97223   0.0493584
           7         1.4     3.07938     2.98754   0.0444353
           8         1.4     3.09929     3.00151   0.0409392
           9         1.4     2.96067     2.99697    0.036389
          10         1.4     3.01405     2.99868   0.0325921
          11         1.4     2.92049     2.99157   0.0303255
          12         1.4     3.09019     2.99979   0.0288774
          13         1.4     2.99545     2.99945   0.0265654
          14         1.4     3.04125     3.00244   0.0247753
          15         1.4     3.06484      3.0066   0.0234367
          16         1.4     2.85678     2.99724   0.0238389
          17         1.4      3.1007     3.00332   0.0232052
          18         1.4     2.99852     3.00305   0.0218797
          19         1.4     2.99545     3.00265      0.0207
          20         1.4     2.95539     3.00029   0.0197794
           1       1.325     3.32398     3.32398           0
           2       1.325     3.38102      3.3525   0.0285162
           3       1.325     3.43966     3.38155   0.0333924
           4       1.325     3.32517     3.36746   0.0274996
           5       1.325     3.60523     3.41501   0.0521083
           6       1.325     3.21821     3.38221    0.053722
           7       1.325     3.27957     3.36755   0.0477123
           8       1.325     3.33077     3.36295    0.041575
           9       1.325     3.31851     3.35801   0.0369968
          10       1.325     3.31538     3.35375   0.0333645
          11       1.325     3.29619     3.34852   0.0306295
          12       1.325     3.24016     3.33949   0.0293826
          13       1.325     3.44605     3.34768   0.0282438
          14       1.325     3.50937     3.35923   0.0285854
          15       1.325     3.37591     3.36035   0.0266348
          16       1.325     3.26226     3.35421   0.0256577
          17       1.325     3.57097     3.36697   0.0272661
          18       1.325     3.54638     3.37693   0.0275716
          19       1.325     3.36817     3.37647   0.0260842
          20       1.325     3.35808     3.37555   0.0247627
           1        1.25     4.05745     4.05745           0
           2        1.25     3.90475      3.9811   0.0763488
           3        1.25     4.01979     3.99399    0.045928
           4        1.25     4.13208     4.02852   0.0473958
           5        1.25     4.11318     4.04545   0.0404298
           6        1.25     3.87138     4.01644   0.0439475
           7        1.25       3.979     4.01109   0.0375256
           8        1.25     4.03449     4.01401   0.0326295
           9        1.25     3.92035     4.00361   0.0306005
          10        1.25     4.33832     4.03708   0.0432373
          11        1.25     3.80708     4.01617   0.0443481
          12        1.25     3.93053     4.00903   0.0411083
          13        1.25     4.21292     4.02472   0.0409374
          14        1.25     3.90292     4.01602   0.0388863
          15        1.25      4.1372      4.0241   0.0370917
          16        1.25     3.83116     4.01204   0.0367319
          17        1.25     4.23214     4.02498   0.0368529
          18        1.25     3.75094     4.00976   0.0379343
          19        1.25     3.85576     4.00165   0.0367863
          20        1.25     3.80016     3.99158   0.0363237
           1       1.175     4.60857     4.60857           0
           2       1.175     4.74057     4.67457   0.0659983
           3       1.175     4.63246     4.66053    0.040607
           4       1.175     4.65984     4.66036    0.028714
           5       1.175     4.48375     4.62504   0.0417412
           6       1.175     4.86507     4.66504   0.0525543
           7       1.175     4.58549     4.65368   0.0458474
           8       1.175     4.94694     4.69034   0.0540396
           9       1.175     4.51135     4.67045   0.0516416
          10       1.175     5.10051     4.71346   0.0631113
          11       1.175     4.57561     4.70092   0.0584457
          12       1.175     4.79054     4.70839   0.0538735
          13       1.175     4.73684     4.71058   0.0496047
          14       1.175     4.54877     4.69902   0.0473571
          15       1.175     4.89345     4.71198   0.0459529
          16       1.175     4.58765     4.70421   0.0436818
          17       1.175     4.68761     4.70324   0.0410435
          18       1.175     4.72764     4.70459   0.0387199
          19       1.175     4.60304     4.69925   0.0370134
          20       1.175     4.73223      4.7009   0.0351527
           1         1.1     6.24633     6.24633           0
           2         1.1     5.63382     5.94007    0.306255
           3         1.1     5.60514     5.82843    0.209113
           4         1.1     5.42692     5.72805    0.178717
           5         1.1     5.28207     5.63886    0.164681
           6         1.1      5.8557       5.675    0.139234
           7         1.1     5.74431      5.6849     0.11809
           8         1.1     5.48388     5.65977    0.105311
           9         1.1     5.97319     5.69459   0.0991893
          10         1.1     5.62565      5.6877   0.0889851
          11         1.1     5.94397       5.711   0.0837938
          12         1.1     5.55442     5.69795   0.0775978
          13         1.1     5.27023     5.66505   0.0785976
          14         1.1       5.979     5.68747   0.0761443
          15         1.1     5.68175     5.68709   0.0708875
          16         1.1     5.40351     5.66937   0.0686371
          17         1.1     5.53796     5.66164    0.064935
          18         1.1     5.39167     5.64664   0.0630317
          19         1.1     5.35252     5.63116   0.0615988
          20         1.1     5.72713     5.63596   0.0586344
           1       1.025     6.66512     6.66512           0
           2       1.025     6.75047      6.7078   0.0426732
           3       1.025      6.5083      6.6413   0.0709161
           4       1.025     7.21529      6.7848    0.152007
           5       1.025     6.39346     6.70653    0.141384
           6       1.025     6.37377     6.65107    0.128071
           7       1.025       6.124     6.57577    0.131853
           8       1.025     6.33767     6.54601    0.118003
           9       1.025     7.43141     6.64439    0.143208
          10       1.025     7.36341     6.71629     0.14689
          11       1.025     7.31568     6.77078    0.143607
          12       1.025     6.28816     6.73056    0.137125
          13       1.025     7.10019     6.75899    0.129302
          14       1.025     7.22359     6.79218    0.124224
          15       1.025     6.65979     6.78335    0.115983
          16       1.025     6.52609     6.76727    0.109677
          17       1.025     7.22871     6.79442    0.106539
          18       1.025      7.7094     6.84525    0.112576
          19       1.025     7.62405     6.88624    0.114103
          20       1.025     7.05686     6.89477    0.108583
           1        0.95      9.5749      9.5749           0
           2        0.95     8.20813     8.89152    0.683381
           3        0.95     8.79716     8.86006    0.395802
           4        0.95     8.82024     8.85011    0.280051
           5        0.95     9.04078     8.88824    0.220253
           6        0.95     8.74163     8.86381    0.181488
           7        0.95     8.35514     8.79114    0.169728
           8        0.95     8.22743     8.72068    0.163006
           9        0.95     8.29832     8.67375    0.151224
          10        0.95      8.8874     8.69511    0.136935
          11        0.95     8.17047     8.64742    0.132728
          12        0.95     7.89105     8.58439    0.136578
          13        0.95     8.30049     8.56255    0.127518
          14        0.95     9.48717     8.62859    0.135276
          15        0.95     8.45672     8.61714    0.126456
          16        0.95     8.74763     8.62529    0.118569
          17        0.95     7.89041     8.58206    0.119471
          18        0.95     8.30909      8.5669    0.113655
          19        0.95     7.80629     8.52687    0.114718
          20        0.95     8.44312     8.52268    0.108912
           1       0.875     11.6132     11.6132           0
           2       0.875     11.4178     11.5155   0.0976777
           3       0.875     11.7418     11.5909    0.094171
           4       0.875     10.7907     11.3909    0.210858
           5       0.875     11.1431     11.3413    0.170679
           6       0.875     11.7596      11.411    0.155823
           7       0.875     11.4162     11.4118    0.131697
           8       0.875     11.9443     11.4783    0.132059
           9       0.875     10.4526     11.3644    0.162954
          10       0.875     11.1487     11.3428    0.147338
          11       0.875     10.9218     11.3045    0.138658
          12       0.875     10.6574     11.2506    0.137585
          13       0.875      12.227     11.3257    0.147169
          14       0.875     12.3795      11.401    0.155662
          15       0.875     10.1412      11.317    0.167491
          16       0.875     11.3219     11.3173    0.156674
          17       0.875     11.0894     11.3039    0.147779
          18       0.875     11.9544       11.34    0.143939
          19       0.875     11.2294     11.3342    0.136277
          20       0.875     13.0696      11.421    0.155703
           1         0.8     15.9183     15.9183           0
           2         0.8     17.8789     16.8986    0.980295
           3         0.8     13.9885     15.9286     1.12307
           4         0.8      15.767     15.8882    0.795156
           5         0.8     16.5038     16.0113    0.628111
           6         0.8     14.6648     15.7869      0.5598
           7         0.8     16.2855     15.8581     0.47845
           8         0.8     15.5151     15.8152    0.416562
           9         0.8      15.728     15.8055    0.367501
          10         0.8     15.2883     15.7538    0.332748
          11         0.8     15.9865      15.775    0.301724
          12         0.8     16.8019     15.8605    0.288423
          13         0.8     15.5703     15.8382    0.266248
          14         0.8     15.6097     15.8219    0.247038
          15         0.8     15.0494     15.7704    0.235676
          16         0.8     12.8596     15.5885    0.285826
          17         0.8     15.7319     15.5969    0.268619
          18         0.8     14.4571     15.5336    0.261053
          19         0.8     15.0705     15.5092    0.248131
          20         0.8     16.0578     15.5367     0.23699
           1       0.725     20.9372     20.9372           0
           2       0.725     19.5082     20.2227    0.714494
           3       0.725     23.9725     21.4726     1.31622
           4       0.725     21.4527     21.4677    0.930723
           5       0.725     23.5271     21.8795    0.830302
           6       0.725     18.9182      21.386    0.838573
           7       0.725     20.9076     21.3176    0.712011
           8       0.725     18.0777     20.9126    0.737727
           9       0.725     21.7902     21.0102     0.65788
          10       0.725     20.0215     20.9113    0.596673
          11       0.725     20.7124     20.8932    0.540014
          12       0.725     19.8328     20.8048     0.50082
          13       0.725     20.4819       20.78    0.461357
          14       0.725     21.0747      20.801    0.427652
          15       0.725     20.0632     20.7519     0.40115
          16       0.725     23.3917     20.9168    0.409911
          17       0.725     21.6675      20.961    0.387568
          18       0.725      19.534     20.8817    0.373904
          19       0.725     21.0264     20.8893    0.353759
          20       0.725     21.6356     20.9267    0.337674
           1        0.65     33.4572     33.4572           0
           2        0.65     29.1811     31.3192     2.13802
           3        0.65     32.4874     31.7086     1.29436
           4        0.65     31.1985     31.5811    0.924088
           5        0.65     34.8872     32.2423    0.974472
           6        0.65     36.6573     32.9781     1.08375
           7        0.65      29.882     32.5358     1.01714
           8        0.65     35.4194     32.8963    0.951759
           9        0.65     31.5314     32.7446    0.852962
          10        0.65     32.8715     32.7573    0.763018
          11        0.65     32.6737     32.7497    0.690217
          12        0.65     36.2561     33.0419    0.694537
          13        0.65     32.9418     33.0342    0.638928
          14        0.65     33.3716     33.0583    0.592023
          15        0.65     33.5505     33.0911    0.552119
          16        0.65     28.2133     32.7863    0.599728
          17        0.65     30.4381     32.6481    0.580033
          18        0.65     31.2557     32.5708    0.552305
          19        0.65     35.8513     32.7434     0.55022
          20        0.65     31.3032     32.6714    0.526928
           1       0.575     50.3287     50.3287           0
           2       0.575     52.2783     51.3035    0.974776
           3       0.575      42.917      48.508     2.85158
           4       0.575     45.9535     47.8694     2.11509
           5       0.575     55.2274      49.341     2.20222
           6       0.575     49.3213     49.3377     1.79811
           7       0.575     49.6187     49.3778     1.52021
           8       0.575     56.0024     50.2059      1.5553
           9       0.575     51.0324     50.2977     1.37472
          10       0.575     50.4615     50.3141      1.2297
          11       0.575     57.4224     50.9603     1.28639
          12       0.575     47.5215     50.6737     1.20877
          13       0.575     47.2563     50.4109     1.14256
          14       0.575     43.9088     49.9464     1.15527
          15       0.575     60.5336     50.6522     1.28642
          16       0.575     55.5786     50.9601      1.2421
          17       0.575     51.5509     50.9949     1.16727
          18       0.575     55.6523     51.2536     1.13052
          19       0.575     46.0304     50.9787     1.10413
          20       0.575     58.9988     51.3797     1.12161
           1         0.5     67.8446     67.8446           0
           2         0.5     81.6781     74.7614     6.91677
           3         0.5     79.2668     76.2632     4.26646
           4         0.5     78.6479     76.8594     3.07519
           5         0.5     74.3897     76.3654      2.4327
           6         0.5     83.1415     77.4948      2.2849
           7         0.5     75.4242      77.199     1.95361
           8         0.5      78.749     77.3927     1.70294
           9         0.5     72.4342     76.8418     1.59972
          10         0.5     83.1669     77.4743      1.5644
          11         0.5     75.9851     77.3389     1.42152
          12         0.5     75.0899     77.1515     1.31113
          13         0.5     78.6245     77.2648     1.21137
          14         0.5     76.4339     77.2055     1.12308
          15         0.5     82.0003     77.5251      1.0933
          16         0.5     85.0022     77.9924     1.12441
          17         0.5     81.9564     78.2256     1.08163
          18         0.5     76.4032     78.1244     1.02478
          19         0.5     76.9638     78.0633     0.97127
          20         0.5     81.0771      78.214    0.933668
