           1           2    0.199748    0.199748           0
           2           2    0.200915    0.200332 0.000583515
           3           2    0.197506     0.19939  0.00100046
           4           2     0.19728    0.198862 0.000882353
           5           2    0.199608    0.199011  0.00069954
           6           2    0.197703    0.198793 0.000611375
           7           2    0.194427     0.19817 0.000809982
           8           2    0.197091    0.198035 0.000714302
           9           2    0.195206     0.19772 0.000704032
          10           2    0.197599    0.197708 0.000629823
          11           2    0.195002    0.197462 0.000620566
          12           2    0.192159     0.19702 0.000718501
          13           2    0.192531    0.196675 0.000745715
          14           2    0.196612     0.19667 0.000690412
          15           2    0.200369    0.196917 0.000688406
          16           2    0.197248    0.196938 0.000644277
          17           2    0.198956    0.197056 0.000616725
          18           2    0.193336     0.19685 0.000617106
          19           2    0.197994     0.19691 0.000586822
          20           2    0.194054    0.196767 0.000574728
           1       1.925    0.208518    0.208518           0
           2       1.925    0.210469    0.209493 0.000975798
           3       1.925    0.210645    0.209877 0.000681746
           4       1.925    0.208788    0.209605 0.000553728
           5       1.925    0.202179     0.20812   0.0015459
           6       1.925    0.213186    0.208964  0.00151857
           7       1.925    0.210667    0.209207  0.00130628
           8       1.925    0.210292    0.209343  0.00113937
           9       1.925    0.213762    0.209834   0.0011184
          10       1.925     0.20588    0.209439  0.00107562
          11       1.925     0.20697    0.209214 0.000998482
          12       1.925      0.2055    0.208905 0.000962592
          13       1.925    0.205541    0.208646 0.000922488
          14       1.925    0.208057    0.208604 0.000855093
          15       1.925     0.20447    0.208328 0.000842395
          16       1.925    0.207415    0.208271 0.000790054
          17       1.925    0.210745    0.208417 0.000756258
          18       1.925    0.201803    0.208049   0.0008021
          19       1.925    0.207731    0.208033 0.000758896
          20       1.925    0.206454    0.207954 0.000724263
           1        1.85    0.221511    0.221511           0
           2        1.85    0.218315    0.219913  0.00159818
           3        1.85    0.222986    0.220937  0.00137857
           4        1.85    0.222247    0.221265  0.00102834
           5        1.85     0.21613    0.220238  0.00129968
           6        1.85    0.220877    0.220344  0.00106651
           7        1.85    0.220852    0.220417 0.000904275
           8        1.85    0.222653    0.220696 0.000831496
           9        1.85    0.226219     0.22131 0.000956203
          10        1.85    0.223581    0.221537 0.000884882
          11        1.85    0.222671     0.22164 0.000807017
          12        1.85    0.225613    0.221971 0.000807667
          13        1.85    0.223657    0.222101 0.000754178
          14        1.85    0.217162    0.221748 0.000782296
          15        1.85    0.215491    0.221331 0.000839278
          16        1.85    0.217739    0.221106 0.000816535
          17        1.85    0.226601     0.22143 0.000832308
          18        1.85    0.222686    0.221499 0.000787807
          19        1.85    0.216776    0.221251 0.000785558
          20        1.85    0.217839     0.22108 0.000764522
           1       1.775    0.227558    0.227558           0
           2       1.775    0.240131    0.233845  0.00628633
           3       1.775      0.2348    0.234163  0.00364337
           4       1.775    0.232347    0.233709  0.00261594
           5       1.775    0.227215     0.23241  0.00240686
           6       1.775    0.231153    0.232201  0.00197634
           7       1.775    0.237459    0.232952  0.00183146
           8       1.775    0.239338     0.23375  0.00177562
           9       1.775    0.236786    0.234087  0.00160187
          10       1.775    0.236854    0.234364  0.00145921
          11       1.775    0.231292    0.234085  0.00134913
          12       1.775    0.231881    0.233901   0.0012452
          13       1.775    0.232481    0.233792  0.00115062
          14       1.775    0.235061    0.233883  0.00106912
          15       1.775    0.231022    0.233692   0.0010134
          16       1.775    0.228201    0.233349  0.00100816
          17       1.775    0.232394    0.233292 0.000948664
          18       1.775    0.239081    0.233614 0.000950463
          19       1.775    0.239075    0.233901 0.000943874
          20       1.775    0.227909    0.233602 0.000944238
           1         1.7    0.244888    0.244888           0
           2         1.7    0.248785    0.246837  0.00194882
           3         1.7    0.247806     0.24716   0.0011706
           4         1.7    0.247091    0.247143 0.000827918
           5         1.7    0.242372    0.246188  0.00114963
           6         1.7    0.249354    0.246716  0.00107675
           7         1.7    0.251189    0.247355  0.00111192
           8         1.7    0.256966    0.248556  0.00153971
           9         1.7    0.256484    0.249437   0.0016186
          10         1.7    0.247958    0.249289  0.00145526
          11         1.7    0.246302    0.249018  0.00134405
          12         1.7    0.249979    0.249098  0.00122955
          13         1.7    0.255209    0.249568  0.00122481
          14         1.7    0.256683    0.250076  0.00124263
          15         1.7    0.245511    0.249772   0.0011962
          16         1.7     0.25168    0.249891  0.00112528
          17         1.7    0.251368    0.249978  0.00106058
          18         1.7    0.244877    0.249695   0.0010393
          19         1.7    0.250034    0.249712 0.000983246
          20         1.7    0.244241    0.249439 0.000972083
           1       1.625    0.269888    0.269888           0
           2       1.625    0.269833     0.26986 2.72681e-05
           3       1.625    0.265947    0.268556  0.00130447
           4       1.625    0.266114    0.267945  0.00110615
           5       1.625    0.271738    0.268704   0.0011443
           6       1.625    0.258772    0.267049  0.00190074
           7       1.625    0.265983    0.266896  0.00161362
           8       1.625    0.261101    0.266172  0.00157406
           9       1.625    0.264495    0.265986  0.00140063
          10       1.625    0.263212    0.265708  0.00128309
          11       1.625     0.25989    0.265179  0.00127545
          12       1.625    0.261988    0.264913  0.00119431
          13       1.625    0.266815     0.26506   0.0011083
          14       1.625     0.26196    0.264838   0.0010497
          15       1.625    0.268415    0.265077  0.00100589
          16       1.625    0.256637    0.264549  0.00107869
          17       1.625    0.266938     0.26469  0.00102295
          18       1.625    0.268069    0.264878 0.000982548
          19       1.625    0.262505    0.264753 0.000937752
          20       1.625    0.263364    0.264683 0.000892333
           1        1.55    0.291121    0.291121           0
           2        1.55    0.285404    0.288263  0.00285817
           3        1.55    0.283009    0.286511  0.00240624
           4        1.55    0.283817    0.285838  0.00182996
           5        1.55    0.287064    0.286083  0.00143855
           6        1.55    0.290314    0.286788  0.00137001
           7        1.55    0.281366    0.286014  0.00139307
           8        1.55    0.275707    0.284725    0.001765
           9        1.55    0.282027    0.284426  0.00158519
          10        1.55    0.280302    0.284013  0.00147658
          11        1.55    0.280955    0.283735  0.00136424
          12        1.55    0.283671     0.28373  0.00124539
          13        1.55    0.273236    0.282923  0.00140142
          14        1.55    0.282128    0.282866  0.00129871
          15        1.55    0.280796    0.282728  0.00121688
          16        1.55    0.271297    0.282013  0.00134392
          17        1.55    0.280494    0.281924  0.00126555
          18        1.55    0.281595    0.281906  0.00119331
          19        1.55    0.279203    0.281764  0.00113769
          20        1.55    0.282101     0.28178  0.00107944
           1       1.475    0.300386    0.300386           0
           2       1.475    0.301809    0.301097 0.000711476
           3       1.475    0.296041    0.299412  0.00173466
           4       1.475     0.30465    0.300721  0.00179417
           5       1.475    0.300437    0.300665  0.00139092
           6       1.475    0.296379     0.29995  0.00134159
           7       1.475    0.301183    0.300126  0.00114743
           8       1.475    0.300456    0.300168 0.000994557
           9       1.475    0.303868    0.300579 0.000968706
          10       1.475    0.296478    0.300169 0.000958593
          11       1.475    0.289138    0.299166  0.00132568
          12       1.475    0.305222     0.29967  0.00131117
          13       1.475    0.295962    0.299385  0.00123938
          14       1.475    0.299247    0.299375  0.00114749
          15       1.475    0.285954    0.298481  0.00139347
          16       1.475    0.296853    0.298379  0.00130744
          17       1.475    0.302222    0.298605  0.00124876
          18       1.475    0.298387    0.298593   0.0011774
          19       1.475    0.298489    0.298587  0.00111373
          20       1.475    0.296967    0.298506  0.00105967
           1         1.4    0.317155    0.317155           0
           2         1.4    0.316772    0.316963 0.000191798
           3         1.4    0.320239    0.318055  0.00109746
           4         1.4    0.335681    0.322462  0.00447413
           5         1.4    0.319486    0.321866  0.00351638
           6         1.4    0.314928     0.32071  0.00309526
           7         1.4    0.318615    0.320411  0.00263303
           8         1.4    0.309594    0.319059  0.00265099
           9         1.4    0.318564    0.319004   0.0023386
          10         1.4    0.332062     0.32031  0.00246585
          11         1.4      0.3175    0.320054  0.00224502
          12         1.4    0.310999      0.3193  0.00218391
          13         1.4    0.307005    0.318354  0.00222038
          14         1.4    0.324809    0.318815  0.00210674
          15         1.4    0.315879    0.318619  0.00197101
          16         1.4    0.322818    0.318882   0.0018623
          17         1.4    0.316728    0.318755   0.0017539
          18         1.4    0.312055    0.318383  0.00169497
          19         1.4     0.31532    0.318221  0.00161137
          20         1.4    0.319735    0.318297  0.00153055
           1       1.325    0.335334    0.335334           0
           2       1.325    0.336848    0.336091 0.000756918
           3       1.325    0.336003    0.336061 0.000437995
           4       1.325    0.346329    0.338628  0.00258558
           5       1.325    0.352911    0.341485   0.0034887
           6       1.325    0.331151    0.339763  0.00332872
           7       1.325    0.337861    0.339491  0.00282637
           8       1.325     0.33472    0.338895   0.0025193
           9       1.325    0.349285    0.340049  0.00250386
          10       1.325    0.348997    0.340944  0.00241166
          11       1.325    0.334978    0.340402  0.00224784
          12       1.325    0.326623    0.339253  0.00235141
          13       1.325    0.342087    0.339471  0.00217393
          14       1.325    0.335814     0.33921  0.00202956
          15       1.325     0.33868    0.339175  0.00188974
          16       1.325    0.330604    0.338639  0.00184706
          17       1.325    0.338054    0.338605  0.00173536
          18       1.325    0.347483    0.339098  0.00170884
          19       1.325    0.336704    0.338972   0.0016213
          20       1.325    0.345361    0.339291  0.00157093
           1        1.25    0.370099    0.370099           0
           2        1.25    0.353492    0.361795  0.00830377
           3        1.25    0.344451    0.356014  0.00751064
           4        1.25    0.355391    0.355858  0.00531311
           5        1.25    0.352969     0.35528  0.00415589
           6        1.25    0.357138     0.35559  0.00340736
           7        1.25    0.344597    0.354019  0.00328014
           8        1.25    0.374817    0.356619  0.00385068
           9        1.25    0.374912    0.358652   0.0039578
          10        1.25    0.350803    0.357867  0.00362593
          11        1.25      0.3477    0.356942  0.00340753
          12        1.25    0.354529    0.356741  0.00311713
          13        1.25    0.354472    0.356567  0.00287265
          14        1.25    0.351378    0.356196  0.00268526
          15        1.25    0.364187    0.356729  0.00255597
          16        1.25    0.358279    0.356826  0.00239286
          17        1.25    0.365214    0.357319  0.00230122
          18        1.25    0.358478    0.357384  0.00217056
          19        1.25    0.357231    0.357376  0.00205316
          20        1.25    0.350577    0.357036  0.00197724
           1       1.175    0.380849    0.380849           0
           2       1.175     0.38567     0.38326  0.00241073
           3       1.175     0.38452     0.38368   0.0014539
           4       1.175    0.378267    0.382327  0.00169949
           5       1.175    0.368296     0.37952  0.00309959
           6       1.175    0.389184    0.381131   0.0029998
           7       1.175    0.379812    0.380943  0.00254228
           8       1.175     0.38416    0.381345  0.00223812
           9       1.175    0.373954    0.380524  0.00213784
          10       1.175    0.384731    0.380944  0.00195788
          11       1.175    0.367335    0.379707  0.00216036
          12       1.175    0.378694    0.379623  0.00197393
          13       1.175    0.367303    0.378675  0.00204819
          14       1.175    0.365652    0.377745  0.00211214
          15       1.175     0.38047    0.377926  0.00197468
          16       1.175    0.383972    0.378304  0.00188539
          17       1.175    0.376217    0.378181  0.00177527
          18       1.175     0.39163    0.378929  0.00183292
          19       1.175    0.373041    0.378619  0.00176125
          20       1.175    0.375745    0.378475  0.00167703
           1         1.1     0.41361     0.41361           0
           2         1.1    0.398637    0.406123  0.00748686
           3         1.1     0.40165    0.404632  0.00457251
           4         1.1    0.397326    0.402806  0.00371355
           5         1.1    0.417068    0.405658  0.00405102
           6         1.1    0.393593    0.403647  0.00387095
           7         1.1    0.388843    0.401532   0.0038956
           8         1.1    0.378549    0.398659   0.0044312
           9         1.1    0.401549     0.39898  0.00392111
          10         1.1    0.403988    0.399481  0.00354271
          11         1.1    0.410959    0.400525  0.00337011
          12         1.1    0.396488    0.400188  0.00309481
          13         1.1    0.402288     0.40035  0.00285139
          14         1.1    0.376563    0.398651  0.00313937
          15         1.1      0.3927    0.398254   0.0029494
          16         1.1    0.387507    0.397582   0.0028395
          17         1.1    0.389922    0.397132  0.00270504
          18         1.1    0.396393    0.397091  0.00255067
          19         1.1    0.374595    0.395907  0.00268754
          20         1.1    0.405092    0.396366  0.00259066
           1       1.025    0.431122    0.431122           0
           2       1.025    0.427022    0.429072   0.0020502
           3       1.025    0.411338    0.423161  0.00602882
           4       1.025    0.401312    0.417699  0.00692874
           5       1.025    0.417494    0.417658  0.00536713
           6       1.025      0.4094    0.416281  0.00459327
           7       1.025    0.393357    0.413006  0.00507893
           8       1.025    0.405279    0.412041  0.00450331
           9       1.025    0.417927    0.412695  0.00402504
          10       1.025      0.4119    0.412615  0.00360098
          11       1.025    0.427172    0.413939  0.00351579
          12       1.025    0.402425    0.412979   0.0033498
          13       1.025    0.428697    0.414188  0.00331007
          14       1.025    0.410264    0.413908  0.00307732
          15       1.025     0.40648    0.413413  0.00290732
          16       1.025     0.42559    0.414174  0.00282403
          17       1.025    0.428435    0.415013   0.0027822
          18       1.025    0.419611    0.415268   0.0026355
          19       1.025    0.419152    0.415473  0.00250129
          20       1.025    0.412747    0.415336  0.00237685
           1        0.95    0.434682    0.434682           0
           2        0.95    0.430686    0.432684  0.00199832
           3        0.95    0.427094    0.430821   0.0021917
           4        0.95    0.429067    0.430382  0.00161056
           5        0.95    0.424164    0.429139  0.00176158
           6        0.95    0.444164    0.431643  0.00288788
           7        0.95    0.415444    0.429329   0.0033634
           8        0.95    0.409007    0.426788  0.00386484
           9        0.95    0.435163    0.427719   0.0035332
          10        0.95    0.428989    0.427846  0.00316274
          11        0.95    0.436135      0.4286  0.00295838
          12        0.95    0.434259    0.429071  0.00274149
          13        0.95    0.450996    0.430758   0.0030338
          14        0.95    0.438953    0.431343   0.0028691
          15        0.95    0.446964    0.432384  0.00286682
          16        0.95     0.43795    0.432732  0.00270413
          17        0.95    0.416815    0.431796  0.00270717
          18        0.95     0.40194    0.430137  0.00304395
          19        0.95    0.426193     0.42993  0.00288676
          20        0.95    0.429776    0.429922  0.00273863
           1       0.875    0.421902    0.421902           0
           2       0.875    0.464637     0.44327   0.0213675
           3       0.875    0.430914    0.439151   0.0130059
           4       0.875     0.44194    0.439848  0.00922296
           5       0.875    0.449178    0.441714  0.00738376
           6       0.875    0.456958    0.444255  0.00654226
           7       0.875    0.416858    0.440341  0.00677426
           8       0.875    0.442996    0.440673  0.00587607
           9       0.875    0.427315    0.439189  0.00539055
          10       0.875    0.438422    0.439112  0.00482207
          11       0.875    0.455301    0.440584  0.00460333
          12       0.875    0.450218    0.441387  0.00427826
          13       0.875    0.439861    0.441269  0.00393718
          14       0.875    0.442661    0.441369  0.00364647
          15       0.875    0.417084     0.43975  0.00376097
          16       0.875    0.459839    0.441005   0.0037354
          17       0.875    0.427939    0.440237  0.00359199
          18       0.875      0.4217    0.439207  0.00353968
          19       0.875    0.411259    0.437736  0.00365707
          20       0.875    0.466155    0.439157  0.00374911
           1         0.8    0.436888    0.436888           0
           2         0.8    0.448913      0.4429  0.00601265
           3         0.8    0.473391    0.453064   0.0107401
           4         0.8    0.441825    0.450254  0.00809749
           5         0.8    0.471076    0.454418   0.0075288
           6         0.8     0.42019    0.448714  0.00838647
           7         0.8     0.43497     0.44675  0.00735478
           8         0.8    0.455141    0.447799  0.00645521
           9         0.8    0.466169     0.44984  0.00604781
          10         0.8    0.433875    0.448244  0.00564002
          11         0.8    0.459896    0.449303   0.0052104
          12         0.8    0.446766    0.449092  0.00476112
          13         0.8    0.427613    0.447439  0.00468089
          14         0.8    0.433616    0.446452  0.00444471
          15         0.8    0.422635    0.444864  0.00443198
          16         0.8    0.421788    0.443422  0.00438945
          17         0.8    0.443387     0.44342  0.00412317
          18         0.8    0.428862    0.442611  0.00397061
          19         0.8      0.4311    0.442005  0.00380438
          20         0.8    0.413884    0.440599  0.00387337
           1       0.725    0.437468    0.437468           0
           2       0.725    0.389426    0.413447   0.0240207
           3       0.725    0.446973    0.424622   0.0178106
           4       0.725    0.414048    0.421979   0.0128685
           5       0.725    0.465336     0.43065   0.0132118
           6       0.725    0.400031    0.425547   0.0119336
           7       0.725    0.438118    0.427343   0.0102444
           8       0.725     0.43966    0.428882   0.0090045
           9       0.725    0.458598    0.432184  0.00860027
          10       0.725    0.431711    0.432137  0.00769246
          11       0.725    0.443042    0.433128  0.00702836
          12       0.725    0.411757    0.431347  0.00665856
          13       0.725    0.436515    0.431745  0.00613787
          14       0.725    0.454102    0.433342  0.00590269
          15       0.725    0.427929    0.432981  0.00550694
          16       0.725    0.442988    0.433606   0.0051891
          17       0.725    0.446429    0.434361  0.00493232
          18       0.725    0.445264    0.434966  0.00468953
          19       0.725    0.426412    0.434516  0.00445864
          20       0.725    0.406137    0.433097   0.0044615
           1        0.65     0.41645     0.41645           0
           2        0.65    0.420317    0.418383  0.00193369
           3        0.65    0.441355    0.426041  0.00773833
           4        0.65    0.437288    0.428852  0.00615201
           5        0.65    0.445751    0.432232  0.00584217
           6        0.65    0.449222    0.435064  0.00554727
           7        0.65    0.414064    0.432064  0.00556596
           8        0.65    0.425537    0.431248  0.00488883
           9        0.65    0.418721    0.429856  0.00453064
          10        0.65    0.442352    0.431106  0.00424062
          11        0.65     0.44234    0.432127  0.00396941
          12        0.65    0.462944    0.434695  0.00444132
          13        0.65    0.426232    0.434044  0.00413697
          14        0.65    0.469305    0.436563  0.00458401
          15        0.65      0.4106    0.434832  0.00460514
          16        0.65    0.362025    0.430281  0.00626598
          17        0.65    0.387314    0.427754  0.00640559
          18        0.65    0.401117    0.426274  0.00621791
          19        0.65    0.410751    0.425457  0.00593803
          20        0.65    0.387214    0.423545  0.00594899
           1       0.575    0.431478    0.431478           0
           2       0.575    0.366592    0.399035   0.0324429
           3       0.575    0.416516    0.404862   0.0196163
           4       0.575    0.386409    0.400249   0.0146179
           5       0.575    0.400061    0.400211    0.011323
           6       0.575    0.403258    0.400719  0.00925915
           7       0.575    0.432224     0.40522  0.00902736
           8       0.575    0.414327    0.406358  0.00790038
           9       0.575    0.423408    0.408253  0.00722044
          10       0.575    0.440653    0.411493  0.00722536
          11       0.575    0.391047    0.409634  0.00679476
          12       0.575    0.441801    0.412315  0.00675719
          13       0.575    0.426965    0.413442  0.00631705
          14       0.575    0.350916    0.408975   0.0073587
          15       0.575    0.364752    0.406027  0.00745803
          16       0.575    0.427477    0.407368  0.00710399
          17       0.575    0.409422    0.407489  0.00667413
          18       0.575    0.395119    0.406801  0.00632985
          19       0.575    0.439801    0.408538  0.00623426
          20       0.575    0.428328    0.409528  0.00599654
           1         0.5     0.38564     0.38564           0
           2         0.5    0.306922    0.346281    0.039359
           3         0.5    0.319456     0.33734   0.0244199
           4         0.5    0.310963    0.330745   0.0184837
           5         0.5    0.323277    0.329252   0.0143951
           6         0.5     0.32076    0.327836   0.0118385
           7         0.5    0.356767    0.331969   0.0108254
           8         0.5    0.329219    0.331626  0.00938134
           9         0.5    0.371581    0.336065  0.00938941
          10         0.5    0.278135    0.330272   0.0102024
          11         0.5    0.338442    0.331015  0.00925823
          12         0.5    0.337603    0.331564  0.00846938
          13         0.5    0.344053    0.332524  0.00784971
          14         0.5    0.350821    0.333831  0.00738399
          15         0.5    0.301594    0.331682  0.00720226
          16         0.5    0.276103    0.328208  0.00757993
          17         0.5    0.305661    0.326882  0.00724258
          18         0.5    0.338218    0.327512  0.00685735
          19         0.5    0.328437    0.327561  0.00648659
          20         0.5    0.290712    0.325718  0.00642361
